Sample	r_processed	r_with_adapters	r_written	bp_processed	quality_trimmed	bp_written	percent_trimmed
20210608T1400_CBASS_US_MoteIn_Past_10_30_1140_RNASeq_R1	21505695	7543317	21505695	3225854250	2817818	3206625438	0.5960843395202992
20210608T1400_CBASS_US_MoteIn_Past_10_30_1140_RNASeq_R2	21505695	7520529	21505695	3225854250	3952742	3205476412	0.6317036177316443
20210608T1400_CBASS_US_MoteIn_Past_10_30_180_RNASeq_R1	21156594	7692494	21156594	3173489100	3292680	3122299109	1.6130507900594333
20210608T1400_CBASS_US_MoteIn_Past_10_30_180_RNASeq_R2	21156594	7728849	21156594	3173489100	4095076	3121541182	1.636933871932946
20210608T1400_CBASS_US_MoteIn_Past_10_30_360_RNASeq_R1	13878646	4875284	13878646	2081796900	1960980	2067975339	0.6639245643991496
20210608T1400_CBASS_US_MoteIn_Past_10_30_360_RNASeq_R2	13878646	4867981	13878646	2081796900	2404734	2067703215	0.6769961565414955
20210608T1400_CBASS_US_MoteIn_Past_10_30_420_RNASeq_R1	12461327	4357563	12461327	1869199050	1059950	1851124682	0.9669579063824155
20210608T1400_CBASS_US_MoteIn_Past_10_30_420_RNASeq_R2	12461327	4339686	12461327	1869199050	1402493	1850911876	0.9783427827014999
20210608T1400_CBASS_US_MoteIn_Past_10_30_750_RNASeq_R1	16973202	6004816	16973202	2545980300	2116151	2528738374	0.6772215008890682
20210608T1400_CBASS_US_MoteIn_Past_10_30_750_RNASeq_R2	16973202	5987056	16973202	2545980300	2623395	2528296097	0.6945930807084406
20210608T1400_CBASS_US_MoteIn_Past_10_34_1140_RNASeq_R1	17317368	6081046	17317368	2597605200	2763965	2576101429	0.8278306110566763
20210608T1400_CBASS_US_MoteIn_Past_10_34_1140_RNASeq_R2	17317368	6054575	17317368	2597605200	2679808	2576317793	0.8195012467637499
20210608T1400_CBASS_US_MoteIn_Past_10_34_180_RNASeq_R1	17970984	6397483	17970984	2695647600	1802915	2649477137	1.7127781465203389
20210608T1400_CBASS_US_MoteIn_Past_10_34_180_RNASeq_R2	17970984	6395926	17970984	2695647600	2522601	2648906251	1.733956211486991
20210608T1400_CBASS_US_MoteIn_Past_10_34_360_RNASeq_R1	17776499	6298724	17776499	2666474850	2090871	2647751531	0.7021749708233701
20210608T1400_CBASS_US_MoteIn_Past_10_34_360_RNASeq_R2	17776499	6288392	17776499	2666474850	2862275	2647885817	0.6971388835713189
20210608T1400_CBASS_US_MoteIn_Past_10_34_420_RNASeq_R1	21502800	7715088	21502800	3225420000	2179245	3197436565	0.8675904223325955
20210608T1400_CBASS_US_MoteIn_Past_10_34_420_RNASeq_R2	21502800	7702888	21502800	3225420000	2948652	3196781254	0.8879074973181788
20210608T1400_CBASS_US_MoteIn_Past_10_34_750_RNASeq_R1	16755464	5799998	16755464	2513319600	1685515	2498034849	0.6081499145592149
20210608T1400_CBASS_US_MoteIn_Past_10_34_750_RNASeq_R2	16755464	5778596	16755464	2513319600	2128816	2497700345	0.621459165002334
20210608T1400_CBASS_US_MoteIn_Past_10_37_1140_RNASeq_R1	14820970	5315180	14820970	2223145500	1988293	2148111986	3.375105857893691
20210608T1400_CBASS_US_MoteIn_Past_10_37_1140_RNASeq_R2	14820970	5303890	14820970	2223145500	1793752	2148644659	3.3511455278118323
20210608T1400_CBASS_US_MoteIn_Past_10_37_180_RNASeq_R1	19824111	9693653	19824111	2973616650	1921923	2422399463	18.5369283226202
20210608T1400_CBASS_US_MoteIn_Past_10_37_180_RNASeq_R2	19824111	9695991	19824111	2973616650	3603780	2422105873	18.546801484986304
20210608T1400_CBASS_US_MoteIn_Past_10_37_360_RNASeq_R1	16609242	5471099	16609242	2491386300	798105	2478795460	0.5053748589690807
20210608T1400_CBASS_US_MoteIn_Past_10_37_360_RNASeq_R2	16609242	5494906	16609242	2491386300	1419609	2478111021	0.532847073936306
20210608T1400_CBASS_US_MoteIn_Past_10_37_420_RNASeq_R1	13531043	4910573	13531043	2029656450	2583107	2014361164	0.7535898994137653
20210608T1400_CBASS_US_MoteIn_Past_10_37_420_RNASeq_R2	13531043	4890859	13531043	2029656450	2275765	2014800161	0.7319607709964906
20210608T1400_CBASS_US_MoteIn_Past_10_37_750_RNASeq_R1	17781975	6158102	17781975	2667296250	1716839	2621287237	1.7249307421325997
20210608T1400_CBASS_US_MoteIn_Past_10_37_750_RNASeq_R2	17781975	6134920	17781975	2667296250	2192630	2620976674	1.7365741057072306
20210608T1400_CBASS_US_MoteIn_Past_10_39_1140_RNASeq_R1	20812555	11710033	20812555	3121883250	4099365	2308526643	26.05339603907353
20210608T1400_CBASS_US_MoteIn_Past_10_39_1140_RNASeq_R2	20812555	11571914	20812555	3121883250	5284594	2310465171	25.991301212176975
20210608T1400_CBASS_US_MoteIn_Past_10_39_180_RNASeq_R1	16417385	6999850	16417385	2462607750	1927312	2306786552	6.327487518058854
20210608T1400_CBASS_US_MoteIn_Past_10_39_180_RNASeq_R2	16417385	6998327	16417385	2462607750	2634259	2306306318	6.346988553089708
20210608T1400_CBASS_US_MoteIn_Past_10_39_360_RNASeq_R1	14762116	5619339	14762116	2214317400	1655575	2194684142	0.8866505768323908
20210608T1400_CBASS_US_MoteIn_Past_10_39_360_RNASeq_R2	14762116	5550916	14762116	2214317400	3141986	2193242414	0.9517599419125732
20210608T1400_CBASS_US_MoteIn_Past_10_39_420_RNASeq_R1	18855330	7394423	18855330	2828299500	4797591	2747480038	2.857528419461942
20210608T1400_CBASS_US_MoteIn_Past_10_39_420_RNASeq_R2	18855330	7208232	18855330	2828299500	5676316	2747707687	2.849479448693464
20210608T1400_CBASS_US_MoteIn_Past_10_39_750_RNASeq_R1	17644920	7887119	17644920	2646738000	6691420	2623673771	0.8714209339949779
20210608T1400_CBASS_US_MoteIn_Past_10_39_750_RNASeq_R2	17644920	7460610	17644920	2646738000	10191999	2620488405	0.9917715693808756
20210608T1400_CBASS_US_MoteIn_Past_10_T0_0_RNASeq_R1	21094128	7409720	21094128	3164119200	2088116	3098525129	2.073059415713542
20210608T1400_CBASS_US_MoteIn_Past_10_T0_0_RNASeq_R2	21094128	7423828	21094128	3164119200	3034326	3098708470	2.067265038561126
20210608T1400_CBASS_US_MoteIn_Past_10_only_seq_RNASeq_R1	23786393	8288295	23786393	3567958950	2534851	3530587591	1.0474156099806025
20210608T1400_CBASS_US_MoteIn_Past_10_only_seq_RNASeq_R2	23786393	8328891	23786393	3567958950	3648540	3529508983	1.077646002625675
20210608T1400_CBASS_US_MoteIn_Past_6_30_1140_RNASeq_R1	14868836	5238620	14868836	2230325400	2102938	2216459839	0.6216833202903935
20210608T1400_CBASS_US_MoteIn_Past_6_30_1140_RNASeq_R2	14868836	5218258	14868836	2230325400	2630414	2215993019	0.6426138984024484
20210608T1400_CBASS_US_MoteIn_Past_6_30_180_RNASeq_R1	18893374	6953813	18893374	2834006100	1318283	2683317523	5.317157821219933
20210608T1400_CBASS_US_MoteIn_Past_6_30_180_RNASeq_R2	18893374	6951131	18893374	2834006100	2327661	2682758399	5.3368869248376
20210608T1400_CBASS_US_MoteIn_Past_6_30_360_RNASeq_R1	16184667	5690218	16184667	2427700050	1602810	2408402657	0.7948837419186113
20210608T1400_CBASS_US_MoteIn_Past_6_30_360_RNASeq_R2	16184667	5693646	16184667	2427700050	2265593	2407895262	0.8157839762782886
20210608T1400_CBASS_US_MoteIn_Past_6_30_420_RNASeq_R1	18815191	6287418	18815191	2822278650	886056	2803932332	0.6500533885978977
20210608T1400_CBASS_US_MoteIn_Past_6_30_420_RNASeq_R2	18815191	6321298	18815191	2822278650	1590457	2803141576	0.6780717417821235
20210608T1400_CBASS_US_MoteIn_Past_6_30_750_RNASeq_R1	11254012	3800883	11254012	1688101800	954278	1677838913	0.6079542714781775
20210608T1400_CBASS_US_MoteIn_Past_6_30_750_RNASeq_R2	11254012	3791117	11254012	1688101800	1333549	1677533629	0.6260387258635706
20210608T1400_CBASS_US_MoteIn_Past_6_34_1140_RNASeq_R1	18639142	6271343	18639142	2795871300	1566710	2781325536	0.5202587114793159
20210608T1400_CBASS_US_MoteIn_Past_6_34_1140_RNASeq_R2	18639142	6249626	18639142	2795871300	2243115	2780665360	0.5438712432864846
20210608T1400_CBASS_US_MoteIn_Past_6_34_180_RNASeq_R1	19958286	7291469	19958286	2993742900	1744612	2883889296	3.6694401513236157
20210608T1400_CBASS_US_MoteIn_Past_6_34_180_RNASeq_R2	19958286	7298651	19958286	2993742900	2644794	2885477830	3.6163783469849733
20210608T1400_CBASS_US_MoteIn_Past_6_34_360_RNASeq_R1	15285666	5090908	15285666	2292849900	1822028	2275645113	0.7503669123739849
20210608T1400_CBASS_US_MoteIn_Past_6_34_360_RNASeq_R2	15285666	5097847	15285666	2292849900	2286204	2275199441	0.7698043818742779
20210608T1400_CBASS_US_MoteIn_Past_6_34_420_RNASeq_R1	15363724	5345481	15363724	2304558600	1387846	2285519077	0.8261678830818189
20210608T1400_CBASS_US_MoteIn_Past_6_34_420_RNASeq_R2	15363724	5336565	15363724	2304558600	1866831	2285266960	0.8371078088446091
20210608T1400_CBASS_US_MoteIn_Past_6_34_750_RNASeq_R1	16706521	5800494	16706521	2505978150	1971755	2488097410	0.7135233800821448
20210608T1400_CBASS_US_MoteIn_Past_6_34_750_RNASeq_R2	16706521	5781250	16706521	2505978150	2042485	2488109929	0.7130238146729253
20210608T1400_CBASS_US_MoteIn_Past_6_37_1140_RNASeq_R1	18033390	6120590	18033390	2705008500	2305234	2663925184	1.5187869465105193
20210608T1400_CBASS_US_MoteIn_Past_6_37_1140_RNASeq_R2	18033390	6105654	18033390	2705008500	2082403	2664390308	1.5015920282690423
20210608T1400_CBASS_US_MoteIn_Past_6_37_180_RNASeq_R1	16748574	6110562	16748574	2512286100	1549223	2442532441	2.776501410408631
20210608T1400_CBASS_US_MoteIn_Past_6_37_180_RNASeq_R2	16748574	6100990	16748574	2512286100	2161864	2442001609	2.797630851040413
20210608T1400_CBASS_US_MoteIn_Past_6_37_360_RNASeq_R1	17190910	5844375	17190910	2578636500	1639720	2563646677	0.5813081060475177
20210608T1400_CBASS_US_MoteIn_Past_6_37_360_RNASeq_R2	17190910	5861688	17190910	2578636500	2226172	2563064149	0.6038986495382347
20210608T1400_CBASS_US_MoteIn_Past_6_37_420_RNASeq_R1	19467327	6754868	19467327	2920099050	1884180	2898662259	0.734111776105677
20210608T1400_CBASS_US_MoteIn_Past_6_37_420_RNASeq_R2	19467327	6741592	19467327	2920099050	2345589	2898347700	0.7448839791924181
20210608T1400_CBASS_US_MoteIn_Past_6_37_750_RNASeq_R1	19771709	6751603	19771709	2965756350	2842570	2947539023	0.6142556855690454
20210608T1400_CBASS_US_MoteIn_Past_6_37_750_RNASeq_R2	19771709	6730897	19771709	2965756350	2642131	2948014063	0.5982381863567451
20210608T1400_CBASS_US_MoteIn_Past_6_39_1140_RNASeq_R1	25940705	13940377	25940705	3891105750	3200873	2820794763	27.50660238416805
20210608T1400_CBASS_US_MoteIn_Past_6_39_1140_RNASeq_R2	25940705	13906176	25940705	3891105750	4518375	2821250945	27.494878672983898
20210608T1400_CBASS_US_MoteIn_Past_6_39_180_RNASeq_R1	17088385	7438437	17088385	2563257750	1852082	2168886379	15.385552662427335
20210608T1400_CBASS_US_MoteIn_Past_6_39_180_RNASeq_R2	17088385	7415111	17088385	2563257750	2885974	2168615732	15.39611137428532
20210608T1400_CBASS_US_MoteIn_Past_6_39_360_RNASeq_R1	14210908	4960208	14210908	2131636200	1121161	2066160365	3.0716233379785916
20210608T1400_CBASS_US_MoteIn_Past_6_39_360_RNASeq_R2	14210908	4880243	14210908	2131636200	1820971	2078743944	2.481298450457916
20210608T1400_CBASS_US_MoteIn_Past_6_39_420_RNASeq_R1	19815939	6995224	19815939	2972390850	2651795	2952927282	0.6548118663465808
20210608T1400_CBASS_US_MoteIn_Past_6_39_420_RNASeq_R2	19815939	6978492	19815939	2972390850	3300062	2952337419	0.6746565984079785
20210608T1400_CBASS_US_MoteIn_Past_6_39_750_RNASeq_R1	23323757	8865565	23323757	3498563550	4479984	3463014248	1.0161113694790538
20210608T1400_CBASS_US_MoteIn_Past_6_39_750_RNASeq_R2	23323757	8749238	23323757	3498563550	6065515	3461689238	1.0539843416593075
20210608T1400_CBASS_US_MoteIn_Past_6_T0_0_RNASeq_R1	21065409	7495019	21065409	3159811350	2181034	3120824114	1.2338469510213006
20210608T1400_CBASS_US_MoteIn_Past_6_T0_0_RNASeq_R2	21065409	7502146	21065409	3159811350	3109264	3119879362	1.263745951162559
20210608T1400_CBASS_US_MoteIn_Past_6_only_seq_RNASeq_R1	17548426	6047171	17548426	2632263900	1283058	2576084833	2.134249039391529
20210608T1400_CBASS_US_MoteIn_Past_6_only_seq_RNASeq_R2	17548426	6049866	17548426	2632263900	2133633	2575328274	2.162990800428483
20210608T1400_CBASS_US_MoteIn_Past_7_30_1140_RNASeq_R1	26912788	9007061	26912788	4036918200	2295989	4016446570	0.507110349672183
20210608T1400_CBASS_US_MoteIn_Past_7_30_1140_RNASeq_R2	26912788	8992279	26912788	4036918200	3553315	4015332839	0.5346989939008425
20210608T1400_CBASS_US_MoteIn_Past_7_30_180_RNASeq_R1	13434515	5460749	13434515	2015177250	1001590	1814629678	9.951857683982885
20210608T1400_CBASS_US_MoteIn_Past_7_30_180_RNASeq_R2	13434515	5457758	13434515	2015177250	1778732	1814299470	9.968243736376044
20210608T1400_CBASS_US_MoteIn_Past_7_30_360_RNASeq_R1	18113631	6155260	18113631	2717044650	1589365	2701537229	0.5707459021698448
20210608T1400_CBASS_US_MoteIn_Past_7_30_360_RNASeq_R2	18113631	6172958	18113631	2717044650	2534638	2700699415	0.6015813910161543
20210608T1400_CBASS_US_MoteIn_Past_7_30_420_RNASeq_R1	17298607	5702358	17298607	2594791050	749674	2581722881	0.5036308800278928
20210608T1400_CBASS_US_MoteIn_Past_7_30_420_RNASeq_R2	17298607	5740214	17298607	2594791050	1392408	2581059676	0.5291899708070906
20210608T1400_CBASS_US_MoteIn_Past_7_30_750_RNASeq_R1	17840002	6139206	17840002	2676000300	1580399	2659026609	0.6342933145411083
20210608T1400_CBASS_US_MoteIn_Past_7_30_750_RNASeq_R2	17840002	6123987	17840002	2676000300	2236543	2658452211	0.655758110341019
20210608T1400_CBASS_US_MoteIn_Past_7_34_1140_RNASeq_R1	24005580	8102503	24005580	3600837000	1948534	3581648864	0.5328798832049326
20210608T1400_CBASS_US_MoteIn_Past_7_34_1140_RNASeq_R2	24005580	8080231	24005580	3600837000	2969530	3580722866	0.5585960708579699
20210608T1400_CBASS_US_MoteIn_Past_7_34_180_RNASeq_R1	19536417	7341995	19536417	2930462550	1374889	2788234662	4.853427934098662
20210608T1400_CBASS_US_MoteIn_Past_7_34_180_RNASeq_R2	19536417	7347275	19536417	2930462550	2356181	2787623865	4.874270957668441
20210608T1400_CBASS_US_MoteIn_Past_7_34_360_RNASeq_R1	15770977	5134632	15770977	2365646550	1300265	2348042665	0.7441468802683139
20210608T1400_CBASS_US_MoteIn_Past_7_34_360_RNASeq_R2	15770977	5146165	15770977	2365646550	1870127	2347642528	0.7610613681912879
20210608T1400_CBASS_US_MoteIn_Past_7_34_420_RNASeq_R1	16083663	5404164	16083663	2412549450	1102944	2397042397	0.6427662239213376
20210608T1400_CBASS_US_MoteIn_Past_7_34_420_RNASeq_R2	16083663	5394863	16083663	2412549450	1507156	2396874462	0.6497271175104825
20210608T1400_CBASS_US_MoteIn_Past_7_34_750_RNASeq_R1	19977433	6785931	19977433	2996614950	1415921	2978212118	0.6141206763985476
20210608T1400_CBASS_US_MoteIn_Past_7_34_750_RNASeq_R2	19977433	6774984	19977433	2996614950	1981813	2977748379	0.6295961047648114
20210608T1400_CBASS_US_MoteIn_Past_7_37_1140_RNASeq_R1	16021283	5593508	16021283	2403192450	2898138	2381629906	0.8972458281483033
20210608T1400_CBASS_US_MoteIn_Past_7_37_1140_RNASeq_R2	16021283	5571219	16021283	2403192450	2456294	2382330600	0.8680890288249699
20210608T1400_CBASS_US_MoteIn_Past_7_37_180_RNASeq_R1	21763503	10162809	21763503	3264525450	1377404	2739681266	16.07719688630395
20210608T1400_CBASS_US_MoteIn_Past_7_37_180_RNASeq_R2	21763503	10164292	21763503	3264525450	3235574	2739674417	16.07740668708832
20210608T1400_CBASS_US_MoteIn_Past_7_37_360_RNASeq_R1	16518211	6222180	16518211	2477731650	2003449	2455404380	0.9011173586937876
20210608T1400_CBASS_US_MoteIn_Past_7_37_360_RNASeq_R2	16518211	6225317	16518211	2477731650	2343821	2455095729	0.9135743574167928
20210608T1400_CBASS_US_MoteIn_Past_7_37_420_RNASeq_R1	23308412	8589486	23308412	3496261800	3485654	3467433855	0.8245362232313381
20210608T1400_CBASS_US_MoteIn_Past_7_37_420_RNASeq_R2	23308412	8566950	23308412	3496261800	4215849	3466911679	0.8394714892345877
20210608T1400_CBASS_US_MoteIn_Past_7_37_750_RNASeq_R1	15394642	5372433	15394642	2309196300	2059212	2295551330	0.5908969280783968
20210608T1400_CBASS_US_MoteIn_Past_7_37_750_RNASeq_R2	15394642	5360733	15394642	2309196300	2408945	2295311230	0.6012944850119498
20210608T1400_CBASS_US_MoteIn_Past_7_39_1140_RNASeq_R1	28190671	15868223	28190671	4228600650	4545450	2975972142	29.622766765643853
20210608T1400_CBASS_US_MoteIn_Past_7_39_1140_RNASeq_R2	28190671	15757111	28190671	4228600650	5573852	2976851256	29.601977051202503
20210608T1400_CBASS_US_MoteIn_Past_7_39_180_RNASeq_R1	11898569	6174391	11898569	1784785350	820014	1377162144	22.838780360898863
20210608T1400_CBASS_US_MoteIn_Past_7_39_180_RNASeq_R2	11898569	6178209	11898569	1784785350	2010225	1376877651	22.8547202608986
20210608T1400_CBASS_US_MoteIn_Past_7_39_360_RNASeq_R1	5448716	2127276	5448716	817307400	1038996	783677554	4.114712041026424
20210608T1400_CBASS_US_MoteIn_Past_7_39_360_RNASeq_R2	5448716	2141521	5448716	817307400	1007510	781562616	4.373481018280271
20210608T1400_CBASS_US_MoteIn_Past_7_39_420_RNASeq_R1	17593993	6645238	17593993	2639098950	2593793	2617429040	0.8211101747435426
20210608T1400_CBASS_US_MoteIn_Past_7_39_420_RNASeq_R2	17593993	6621290	17593993	2639098950	3291035	2617176678	0.8306726051328996
20210608T1400_CBASS_US_MoteIn_Past_7_39_750_RNASeq_R1	25168994	9474037	25168994	3775349100	5006507	3737737689	0.9962366394143524
20210608T1400_CBASS_US_MoteIn_Past_7_39_750_RNASeq_R2	25168994	9361028	25168994	3775349100	6969405	3736156644	1.038114753414459
20210608T1400_CBASS_US_MoteIn_Past_7_T0_0_RNASeq_R1	19151594	7294839	19151594	2872739100	1904208	2744871916	4.451054535373574
20210608T1400_CBASS_US_MoteIn_Past_7_T0_0_RNASeq_R2	19151594	7297976	19151594	2872739100	2924422	2744376309	4.468306606750331
20210608T1400_CBASS_US_MoteIn_Past_7_only_seq_RNASeq_R1	23315208	7986163	23315208	3497281200	2229299	3465819524	0.8996038408349891
20210608T1400_CBASS_US_MoteIn_Past_7_only_seq_RNASeq_R2	23315208	7992155	23315208	3497281200	3209856	3465027756	0.9222433700784483
20210608T1400_CBASS_US_MoteIn_Past_8_30_1140_RNASeq_R1	21600957	7426369	21600957	3240143550	2236054	3222973782	0.5299076332590265
20210608T1400_CBASS_US_MoteIn_Past_8_30_1140_RNASeq_R2	21600957	7388827	21600957	3240143550	3230861	3222136712	0.5557419824809923
20210608T1400_CBASS_US_MoteIn_Past_8_30_180_RNASeq_R1	18855104	6757446	18855104	2828265600	1521135	2741670548	3.0617722748528284
20210608T1400_CBASS_US_MoteIn_Past_8_30_180_RNASeq_R2	18855104	6769646	18855104	2828265600	2377045	2740993949	3.085695028076571
20210608T1400_CBASS_US_MoteIn_Past_8_30_360_RNASeq_R1	17716982	6001017	17716982	2657547300	1483000	2641301021	0.6113260524093024
20210608T1400_CBASS_US_MoteIn_Past_8_30_360_RNASeq_R2	17716982	6006318	17716982	2657547300	2217582	2640551666	0.6395232927745068
20210608T1400_CBASS_US_MoteIn_Past_8_30_420_RNASeq_R1	15815209	5506936	15815209	2372281350	1094975	2354364069	0.7552763924902921
20210608T1400_CBASS_US_MoteIn_Past_8_30_420_RNASeq_R2	15815209	5474681	15815209	2372281350	1366652	2353938560	0.7732130929579664
20210608T1400_CBASS_US_MoteIn_Past_8_30_750_RNASeq_R1	18018591	6115412	18018591	2702788650	1202382	2682471663	0.7517046144174092
20210608T1400_CBASS_US_MoteIn_Past_8_30_750_RNASeq_R2	18018591	6095305	18018591	2702788650	1886235	2681959023	0.7706716912548822
20210608T1400_CBASS_US_MoteIn_Past_8_34_1140_RNASeq_R1	34016451	11275790	34016451	5102467650	2605850	5071837738	0.6002960547922337
20210608T1400_CBASS_US_MoteIn_Past_8_34_1140_RNASeq_R2	34016451	11234617	34016451	5102467650	4293628	5071149603	0.6137823725349831
20210608T1400_CBASS_US_MoteIn_Past_8_34_180_RNASeq_R1	15777523	8904655	15777523	2366628450	841328	1712646528	27.633485180151535
20210608T1400_CBASS_US_MoteIn_Past_8_34_180_RNASeq_R2	15777523	8903607	15777523	2366628450	2426835	1712324092	27.647109456492842
20210608T1400_CBASS_US_MoteIn_Past_8_34_360_RNASeq_R1	16407876	5493303	16407876	2461181400	1359237	2445230475	0.6481003391298179
20210608T1400_CBASS_US_MoteIn_Past_8_34_360_RNASeq_R2	16407876	5507313	16407876	2461181400	2332111	2444480136	0.6785872833266171
20210608T1400_CBASS_US_MoteIn_Past_8_34_420_RNASeq_R1	15972601	5621923	15972601	2395890150	1151945	2372563904	0.973594135774547
20210608T1400_CBASS_US_MoteIn_Past_8_34_420_RNASeq_R2	15972601	5602591	15972601	2395890150	1675754	2372262232	0.9861853641328254
20210608T1400_CBASS_US_MoteIn_Past_8_34_750_RNASeq_R1	23557706	7810631	23557706	3533655900	1552689	3514625095	0.5385585223507473
20210608T1400_CBASS_US_MoteIn_Past_8_34_750_RNASeq_R2	23557706	7780885	23557706	3533655900	2232363	3514163800	0.5516128494571302
20210608T1400_CBASS_US_MoteIn_Past_8_37_1140_RNASeq_R1	17805877	6122307	17805877	2670881550	3597292	2643278357	1.0334862285450286
20210608T1400_CBASS_US_MoteIn_Past_8_37_1140_RNASeq_R2	17805877	6104923	17805877	2670881550	3060052	2644174448	0.9999358451519499
20210608T1400_CBASS_US_MoteIn_Past_8_37_180_RNASeq_R1	15254731	5469446	15254731	2288209650	1185926	2229944138	2.5463362590049385
20210608T1400_CBASS_US_MoteIn_Past_8_37_180_RNASeq_R2	15254731	5481111	15254731	2288209650	1804584	2229551130	2.563511608300402
20210608T1400_CBASS_US_MoteIn_Past_8_37_360_RNASeq_R1	15478465	5572922	15478465	2321769750	952020	2305779588	0.6887057599057788
20210608T1400_CBASS_US_MoteIn_Past_8_37_360_RNASeq_R2	15478465	5594967	15478465	2321769750	1536030	2305095378	0.7181750903594123
20210608T1400_CBASS_US_MoteIn_Past_8_37_420_RNASeq_R1	16891122	5964875	16891122	2533668300	2322697	2518171623	0.6116300622303243
20210608T1400_CBASS_US_MoteIn_Past_8_37_420_RNASeq_R2	16891122	5951720	16891122	2533668300	2696388	2517895687	0.6225208327388395
20210608T1400_CBASS_US_MoteIn_Past_8_37_750_RNASeq_R1	11727168	4066511	11727168	1759075200	1460228	1748740034	0.5875340633532893
20210608T1400_CBASS_US_MoteIn_Past_8_37_750_RNASeq_R2	11727168	4059406	11727168	1759075200	1789701	1748427283	0.6053133487414296
20210608T1400_CBASS_US_MoteIn_Past_8_39_1140_RNASeq_R1	19729821	7296395	19729821	2959473150	4406642	2731591022	7.700091078711087
20210608T1400_CBASS_US_MoteIn_Past_8_39_1140_RNASeq_R2	19729821	7230982	19729821	2959473150	4978657	2731660623	7.697739274978724
20210608T1400_CBASS_US_MoteIn_Past_8_39_180_RNASeq_R1	23160298	15991616	23160298	3474044700	1024373	1919269449	44.75403701627673
20210608T1400_CBASS_US_MoteIn_Past_8_39_180_RNASeq_R2	23160298	15978998	23160298	3474044700	3284570	1921431086	44.69181452961731
20210608T1400_CBASS_US_MoteIn_Past_8_39_360_RNASeq_R1	14711794	5025332	14711794	2206769100	1081880	2184238774	1.0209643591619986
20210608T1400_CBASS_US_MoteIn_Past_8_39_360_RNASeq_R2	14711794	5022765	14711794	2206769100	1894270	2183415699	1.0582620991022578
20210608T1400_CBASS_US_MoteIn_Past_8_39_420_RNASeq_R1	20295287	7262349	20295287	3044293050	2571135	2997883242	1.5244855615986117
20210608T1400_CBASS_US_MoteIn_Past_8_39_420_RNASeq_R2	20295287	7234584	20295287	3044293050	2995260	2998026832	1.5197688671923355
20210608T1400_CBASS_US_MoteIn_Past_8_39_750_RNASeq_R1	20934101	8316706	20934101	3140115150	5858339	3111265586	0.9187422314751738
20210608T1400_CBASS_US_MoteIn_Past_8_39_750_RNASeq_R2	20934101	8055377	20934101	3140115150	7958372	3109892856	0.9624581442499012
20210608T1400_CBASS_US_MoteIn_Past_8_T0_0_RNASeq_R1	19203754	7898415	19203754	2880563100	1328502	2608438081	9.446938308693879
20210608T1400_CBASS_US_MoteIn_Past_8_T0_0_RNASeq_R2	19203754	7897782	19203754	2880563100	2445275	2608020654	9.46142946842581
20210608T1400_CBASS_US_MoteIn_Past_8_only_seq_RNASeq_R1	19266273	6325781	19266273	2889940950	1270606	2866999408	0.7938412028799411
20210608T1400_CBASS_US_MoteIn_Past_8_only_seq_RNASeq_R2	19266273	6323561	19266273	2889940950	2153359	2866091969	0.8252411178159194
20210608T1400_CBASS_US_MoteIn_Past_9_30_1140_RNASeq_R1	26603637	8971891	26603637	3990545550	2444925	3969811334	0.5195834940413097
20210608T1400_CBASS_US_MoteIn_Past_9_30_1140_RNASeq_R2	26603637	8940703	26603637	3990545550	3643653	3968745281	0.5462979616909773
20210608T1400_CBASS_US_MoteIn_Past_9_30_180_RNASeq_R1	20928055	7843475	20928055	3139208250	1950994	2975847850	5.2038726643891815
20210608T1400_CBASS_US_MoteIn_Past_9_30_180_RNASeq_R2	20928055	7871642	20928055	3139208250	2957613	2975400476	5.218123837435761
20210608T1400_CBASS_US_MoteIn_Past_9_30_360_RNASeq_R1	16811119	5623896	16811119	2521667850	1690208	2482809846	1.540964405760259
20210608T1400_CBASS_US_MoteIn_Past_9_30_360_RNASeq_R2	16811119	5618216	16811119	2521667850	2249765	2487134562	1.3694621993931515
20210608T1400_CBASS_US_MoteIn_Past_9_30_420_RNASeq_R1	14381474	4835708	14381474	2157221100	1233169	2145121651	0.56088126525371
20210608T1400_CBASS_US_MoteIn_Past_9_30_420_RNASeq_R2	14381474	4813725	14381474	2157221100	1649023	2144832298	0.574294493967262
20210608T1400_CBASS_US_MoteIn_Past_9_30_750_RNASeq_R1	15952371	5345867	15952371	2392855650	1159615	2378089146	0.617108014852463
20210608T1400_CBASS_US_MoteIn_Past_9_30_750_RNASeq_R2	15952371	5340838	15952371	2392855650	1588377	2377761099	0.6308174502711854
20210608T1400_CBASS_US_MoteIn_Past_9_34_1140_RNASeq_R1	21752138	7320430	21752138	3262820700	1876697	3244376041	0.5652979644269144
20210608T1400_CBASS_US_MoteIn_Past_9_34_1140_RNASeq_R2	21752138	7304070	21752138	3262820700	2594367	3244006563	0.5766218474708096
20210608T1400_CBASS_US_MoteIn_Past_9_34_180_RNASeq_R1	17613389	6966804	17613389	2642008350	1562397	2491900345	5.681587077497314
20210608T1400_CBASS_US_MoteIn_Past_9_34_180_RNASeq_R2	17613389	6966517	17613389	2642008350	2339337	2491401051	5.700485352364613
20210608T1400_CBASS_US_MoteIn_Past_9_34_360_RNASeq_R1	18894212	6550671	18894212	2834131800	2216413	2818136007	0.5643983459061431
20210608T1400_CBASS_US_MoteIn_Past_9_34_360_RNASeq_R2	18894212	6594564	18894212	2834131800	3006575	2817334512	0.5926784350678398
20210608T1400_CBASS_US_MoteIn_Past_9_34_420_RNASeq_R1	17035672	6055699	17035672	2555350800	1881782	2536132071	0.7520974810973116
20210608T1400_CBASS_US_MoteIn_Past_9_34_420_RNASeq_R2	17035672	6030335	17035672	2555350800	2465705	2535702537	0.7689066800534784
20210608T1400_CBASS_US_MoteIn_Past_9_34_750_RNASeq_R1	18113118	6110677	18113118	2716967700	1574761	2701949161	0.5527684042765765
20210608T1400_CBASS_US_MoteIn_Past_9_34_750_RNASeq_R2	18113118	6093259	18113118	2716967700	2190576	2701430800	0.5718470631800296
20210608T1400_CBASS_US_MoteIn_Past_9_37_1140_RNASeq_R1	19350999	6587986	19350999	2902649850	3071681	2872204494	1.0488814556809187
20210608T1400_CBASS_US_MoteIn_Past_9_37_1140_RNASeq_R2	19350999	6572361	19350999	2902649850	2698832	2872905894	1.0247173285472237
20210608T1400_CBASS_US_MoteIn_Past_9_37_180_RNASeq_R1	17480245	6244419	17480245	2622036750	1567715	2536188712	3.274097435895969
20210608T1400_CBASS_US_MoteIn_Past_9_37_180_RNASeq_R2	17480245	6259913	17480245	2622036750	2350235	2535507103	3.300092838134324
20210608T1400_CBASS_US_MoteIn_Past_9_37_360_RNASeq_R1	17730953	6013982	17730953	2659642950	1764918	2645200124	0.5430362748503517
20210608T1400_CBASS_US_MoteIn_Past_9_37_360_RNASeq_R2	17730953	6001782	17730953	2659642950	2318414	2644791840	0.558387357972242
20210608T1400_CBASS_US_MoteIn_Past_9_37_420_RNASeq_R1	13325042	4868838	13325042	1998756300	1832234	1983382153	0.7691856681077128
20210608T1400_CBASS_US_MoteIn_Past_9_37_420_RNASeq_R2	13325042	4847334	13325042	1998756300	2011181	1983344819	0.771053529637405
20210608T1400_CBASS_US_MoteIn_Past_9_37_750_RNASeq_R1	20350035	7332498	20350035	3052505250	3023401	3033616999	0.6187786573012446
20210608T1400_CBASS_US_MoteIn_Past_9_37_750_RNASeq_R2	20350035	7322869	20350035	3052505250	3488455	3033212692	0.6320237450861059
20210608T1400_CBASS_US_MoteIn_Past_9_39_1140_RNASeq_R1	19852042	10154034	19852042	2977806300	1565255	2326323674	21.87793833332947
20210608T1400_CBASS_US_MoteIn_Past_9_39_1140_RNASeq_R2	19852042	10137287	19852042	2977806300	2505427	2326998908	21.85526278186731
20210608T1400_CBASS_US_MoteIn_Past_9_39_180_RNASeq_R1	20483182	12545621	20483182	3072477300	1704589	2014620438	34.43009528500015
20210608T1400_CBASS_US_MoteIn_Past_9_39_180_RNASeq_R2	20483182	12550485	20483182	3072477300	3704603	2014533599	34.432921636231455
20210608T1400_CBASS_US_MoteIn_Past_9_39_360_RNASeq_R1	15258264	5085253	15258264	2288739600	1195892	2266786465	0.9591801094366523
20210608T1400_CBASS_US_MoteIn_Past_9_39_360_RNASeq_R2	15258264	5081613	15258264	2288739600	2119242	2267022110	0.9488842680049754
20210608T1400_CBASS_US_MoteIn_Past_9_39_420_RNASeq_R1	9003667	3333708	9003667	1350550050	2035544	1280299853	5.201598933708529
20210608T1400_CBASS_US_MoteIn_Past_9_39_420_RNASeq_R2	9003667	3288180	9003667	1350550050	1604598	1282268752	5.055813962614714
20210608T1400_CBASS_US_MoteIn_Past_9_39_750_RNASeq_R1	19645725	7854386	19645725	2946858750	6570306	2918563631	0.9601790041684217
20210608T1400_CBASS_US_MoteIn_Past_9_39_750_RNASeq_R2	19645725	7534420	19645725	2946858750	9460190	2916063873	1.0450068908121233
20210608T1400_CBASS_US_MoteIn_Past_9_T0_0_RNASeq_R1	20654438	7456943	20654438	3098165700	2606705	3045997157	1.6838525776720077
20210608T1400_CBASS_US_MoteIn_Past_9_T0_0_RNASeq_R2	20654438	7476134	20654438	3098165700	3365287	3045263921	1.7075193557271648
20210608T1400_CBASS_US_MoteIn_Past_9_only_seq_RNASeq_R1	16645779	5887226	16645779	2496866850	1747911	2458753637	1.5264415481346152
20210608T1400_CBASS_US_MoteIn_Past_9_only_seq_RNASeq_R2	16645779	5905888	16645779	2496866850	2513927	2459245903	1.5067261996770074
20210610T1400_CBASS_US_MoteOff_Past_1_30_1140_RNASeq_R1	21799117	8749532	21799117	3269867550	1476387	2947682910	9.853140381787023
20210610T1400_CBASS_US_MoteOff_Past_1_30_1140_RNASeq_R2	21799117	8734828	21799117	3269867550	2392533	2947361431	9.862971942089825
20210610T1400_CBASS_US_MoteOff_Past_1_30_180_RNASeq_R1	13807436	4706499	13807436	2071115400	1078000	2055423695	0.757645131700532
20210610T1400_CBASS_US_MoteOff_Past_1_30_180_RNASeq_R2	13807436	4691467	13807436	2071115400	1568191	2055048565	0.7757575941929649
20210610T1400_CBASS_US_MoteOff_Past_1_30_360_RNASeq_R1	22680673	9472010	22680673	3402100950	2833120	3100231538	8.873029238006591
20210610T1400_CBASS_US_MoteOff_Past_1_30_360_RNASeq_R2	22680673	9443524	22680673	3402100950	4184144	3100081434	8.877441335184367
20210610T1400_CBASS_US_MoteOff_Past_1_30_420_RNASeq_R1	10663994	3647504	10663994	1599599100	1627607	1580498659	1.1940767533565129
20210610T1400_CBASS_US_MoteOff_Past_1_30_420_RNASeq_R2	10663994	3647978	10663994	1599599100	1791803	1580439722	1.1977612390504595
20210610T1400_CBASS_US_MoteOff_Past_1_30_750_RNASeq_R1	21954689	9663781	21954689	3293203350	1673644	2767372355	15.96715839002168
20210610T1400_CBASS_US_MoteOff_Past_1_30_750_RNASeq_R2	21954689	9656591	21954689	3293203350	2170252	2767248767	15.970911210205102
20210610T1400_CBASS_US_MoteOff_Past_1_34_1140_RNASeq_R1	22988282	8418484	22988282	3448242300	1597431	3327848912	3.4914422342072657
20210610T1400_CBASS_US_MoteOff_Past_1_34_1140_RNASeq_R2	22988282	8412303	22988282	3448242300	2471910	3327087015	3.5135374622601203
20210610T1400_CBASS_US_MoteOff_Past_1_34_180_RNASeq_R1	15614902	5668108	15614902	2342235300	1341279	2255995501	3.6819442948366463
20210610T1400_CBASS_US_MoteOff_Past_1_34_180_RNASeq_R2	15614902	5659676	15614902	2342235300	1962180	2255563880	3.700372033501502
20210610T1400_CBASS_US_MoteOff_Past_1_34_360_RNASeq_R1	18590652	7808812	18590652	2788597800	1750465	2507035329	10.096919354953231
20210610T1400_CBASS_US_MoteOff_Past_1_34_360_RNASeq_R2	18590652	7795939	18590652	2788597800	2186216	2507260366	10.088849456884747
20210610T1400_CBASS_US_MoteOff_Past_1_34_420_RNASeq_R1	22665325	7121504	22665325	3399798750	2528822	3348546403	1.5075112019498214
20210610T1400_CBASS_US_MoteOff_Past_1_34_420_RNASeq_R2	22665325	7128839	22665325	3399798750	2395229	3350105436	1.4616545758774693
20210610T1400_CBASS_US_MoteOff_Past_1_34_750_RNASeq_R1	16345147	6034494	16345147	2451772050	1607980	2331330638	4.9124229146832805
20210610T1400_CBASS_US_MoteOff_Past_1_34_750_RNASeq_R2	16345147	6015687	16345147	2451772050	1787553	2331342048	4.911957536998597
20210610T1400_CBASS_US_MoteOff_Past_1_37_1140_RNASeq_R1	14993854	6153156	14993854	2249078100	1486001	2043203138	9.15374890716334
20210610T1400_CBASS_US_MoteOff_Past_1_37_1140_RNASeq_R2	14993854	6176136	14993854	2249078100	2277460	2042432451	9.188015702967363
20210610T1400_CBASS_US_MoteOff_Past_1_37_180_RNASeq_R1	20740891	8556825	20740891	3111133650	2012944	2804740481	9.848280513439208
20210610T1400_CBASS_US_MoteOff_Past_1_37_180_RNASeq_R2	20740891	8532237	20740891	3111133650	2956519	2804414517	9.858757851820348
20210610T1400_CBASS_US_MoteOff_Past_1_37_360_RNASeq_R1	13542635	4974357	13542635	2031395250	2819858	1957858588	3.6200075785349997
20210610T1400_CBASS_US_MoteOff_Past_1_37_360_RNASeq_R2	13542635	4947721	13542635	2031395250	3053565	1958923611	3.567579426012737
20210610T1400_CBASS_US_MoteOff_Past_1_37_420_RNASeq_R1	17557729	6013847	17557729	2633659350	2395633	2614731068	0.7187065403883763
20210610T1400_CBASS_US_MoteOff_Past_1_37_420_RNASeq_R2	17557729	5996862	17557729	2633659350	2026762	2615281525	0.6978056976123355
20210610T1400_CBASS_US_MoteOff_Past_1_37_750_RNASeq_R1	16838668	6009589	16838668	2525800200	2460002	2454020766	2.8418492484084847
20210610T1400_CBASS_US_MoteOff_Past_1_37_750_RNASeq_R2	16838668	5988777	16838668	2525800200	2258466	2454449425	2.8248780327121676
20210610T1400_CBASS_US_MoteOff_Past_1_39_1140_RNASeq_R1	16306519	8003094	16306519	2445977850	1792040	1981010066	19.00948465252864
20210610T1400_CBASS_US_MoteOff_Past_1_39_1140_RNASeq_R2	16306519	8016983	16306519	2445977850	2963754	1980070004	19.047917625255685
20210610T1400_CBASS_US_MoteOff_Past_1_39_180_RNASeq_R1	15041362	5569210	15041362	2256204300	1279676	2150357957	4.691345681771815
20210610T1400_CBASS_US_MoteOff_Past_1_39_180_RNASeq_R2	15041362	5552731	15041362	2256204300	1713008	2150150262	4.700551186787473
20210610T1400_CBASS_US_MoteOff_Past_1_39_360_RNASeq_R1	13164440	4887989	13164440	1974666000	2682753	1951877259	1.1540554706466815
20210610T1400_CBASS_US_MoteOff_Past_1_39_360_RNASeq_R2	13164440	4873894	13164440	1974666000	1954938	1952630626	1.1159038541201398
20210610T1400_CBASS_US_MoteOff_Past_1_39_420_RNASeq_R1	15472773	5622973	15472773	2320915950	2596141	2285644596	1.519716989320531
20210610T1400_CBASS_US_MoteOff_Past_1_39_420_RNASeq_R2	15472773	5596632	15472773	2320915950	2201314	2286216064	1.4950944690608032
20210610T1400_CBASS_US_MoteOff_Past_1_39_750_RNASeq_R1	28660127	16361067	28660127	4299019050	2894735	3058057248	28.866161967809845
20210610T1400_CBASS_US_MoteOff_Past_1_39_750_RNASeq_R2	28660127	16355645	28660127	4299019050	3520351	3058055309	28.866207071122425
20210610T1400_CBASS_US_MoteOff_Past_1_T0_0_RNASeq_R1	16772894	5751539	16772894	2515934100	1331095	2470253104	1.8156674294449924
20210610T1400_CBASS_US_MoteOff_Past_1_T0_0_RNASeq_R2	16772894	5726471	16772894	2515934100	1864718	2469989893	1.8261291899497687
20210610T1400_CBASS_US_MoteOff_Past_1_only_seq_RNASeq_R1	19510975	6517338	19510975	2926646250	2121679	2848740478	2.661946998206565
20210610T1400_CBASS_US_MoteOff_Past_1_only_seq_RNASeq_R2	19510975	6494931	19510975	2926646250	2349135	2848728098	2.6623700079912287
20210610T1400_CBASS_US_MoteOff_Past_2_30_1140_RNASeq_R1	21065196	7515591	21065196	3159779400	1853868	3102782897	1.8038127281923542
20210610T1400_CBASS_US_MoteOff_Past_2_30_1140_RNASeq_R2	21065196	7498966	21065196	3159779400	2725987	3102094729	1.825591716940746
20210610T1400_CBASS_US_MoteOff_Past_2_30_180_RNASeq_R1	18723572	6616732	18723572	2808535800	2070825	2784940037	0.8401446404920314
20210610T1400_CBASS_US_MoteOff_Past_2_30_180_RNASeq_R2	18723572	6610452	18723572	2808535800	2780243	2784366781	0.860555845504978
20210610T1400_CBASS_US_MoteOff_Past_2_30_360_RNASeq_R1	18360974	7379377	18360974	2754146100	2166935	2575989771	6.468659342363864
20210610T1400_CBASS_US_MoteOff_Past_2_30_360_RNASeq_R2	18360974	7342988	18360974	2754146100	2979981	2575694361	6.479385352868536
20210610T1400_CBASS_US_MoteOff_Past_2_30_420_RNASeq_R1	17236670	5661354	17236670	2585500500	1629406	2569027118	0.6371448003974471
20210610T1400_CBASS_US_MoteOff_Past_2_30_420_RNASeq_R2	17236670	5637810	17236670	2585500500	1792598	2569121473	0.6334954102696944
20210610T1400_CBASS_US_MoteOff_Past_2_30_750_RNASeq_R1	20661724	7213132	20661724	3099258600	2322054	3022177927	2.4870681330044544
20210610T1400_CBASS_US_MoteOff_Past_2_30_750_RNASeq_R2	20661724	7196918	20661724	3099258600	2381814	3022303165	2.483027231093269
20210610T1400_CBASS_US_MoteOff_Past_2_34_1140_RNASeq_R1	15403927	6079930	15403927	2310589050	1234039	2141730627	7.308024895210163
20210610T1400_CBASS_US_MoteOff_Past_2_34_1140_RNASeq_R2	15403927	6093730	15403927	2310589050	2114499	2140941737	7.34216727115538
20210610T1400_CBASS_US_MoteOff_Past_2_34_180_RNASeq_R1	16972460	6063618	16972460	2545869000	1573722	2516791431	1.1421471018343834
20210610T1400_CBASS_US_MoteOff_Past_2_34_180_RNASeq_R2	16972460	6037011	16972460	2545869000	2057788	2516459856	1.1551711419558508
20210610T1400_CBASS_US_MoteOff_Past_2_34_360_RNASeq_R1	20995237	8923833	20995237	3149285550	1800326	2810076733	10.770976833142361
20210610T1400_CBASS_US_MoteOff_Past_2_34_360_RNASeq_R2	20995237	8917203	20995237	3149285550	2503943	2810085360	10.770702897995388
20210610T1400_CBASS_US_MoteOff_Past_2_34_420_RNASeq_R1	18607000	6193584	18607000	2791050000	1900477	2772288569	0.6721997456154494
20210610T1400_CBASS_US_MoteOff_Past_2_34_420_RNASeq_R2	18607000	6168045	18607000	2791050000	1926276	2772451792	0.6663516597696207
20210610T1400_CBASS_US_MoteOff_Past_2_34_750_RNASeq_R1	15671042	5391960	15671042	2350656300	1673932	2328894418	0.9257789835119665
20210610T1400_CBASS_US_MoteOff_Past_2_34_750_RNASeq_R2	15671042	5370200	15671042	2350656300	1785988	2328924423	0.924502531484505
20210610T1400_CBASS_US_MoteOff_Past_2_37_1140_RNASeq_R1	13957328	5534716	13957328	2093599200	1438556	1942708653	7.2072317853388554
20210610T1400_CBASS_US_MoteOff_Past_2_37_1140_RNASeq_R2	13957328	5552777	13957328	2093599200	2213596	1942022408	7.240010026752016
20210610T1400_CBASS_US_MoteOff_Past_2_37_180_RNASeq_R1	17707398	6793516	17707398	2656109700	1282654	2482218853	6.54682474146305
20210610T1400_CBASS_US_MoteOff_Past_2_37_180_RNASeq_R2	17707398	6759785	17707398	2656109700	2072897	2481642586	6.568520645062213
20210610T1400_CBASS_US_MoteOff_Past_2_37_360_RNASeq_R1	12828318	4439826	12828318	1924247700	1405773	1907548557	0.8678270993905826
20210610T1400_CBASS_US_MoteOff_Past_2_37_360_RNASeq_R2	12828318	4441543	12828318	1924247700	1316127	1907753822	0.8571598136767944
20210610T1400_CBASS_US_MoteOff_Past_2_37_420_RNASeq_R1	15342280	5153167	15342280	2301342000	1975236	2283605599	0.7706981839292031
20210610T1400_CBASS_US_MoteOff_Past_2_37_420_RNASeq_R2	15342280	5141327	15342280	2301342000	1871496	2283961574	0.7552300353445945
20210610T1400_CBASS_US_MoteOff_Past_2_37_750_RNASeq_R1	24946278	9399245	24946278	3741941700	2859709	3520536253	5.916859875181914
20210610T1400_CBASS_US_MoteOff_Past_2_37_750_RNASeq_R2	24946278	9370337	24946278	3741941700	2922385	3521024913	5.903800879634229
20210610T1400_CBASS_US_MoteOff_Past_2_39_1140_RNASeq_R1	16297605	7751483	16297605	2444640750	2219856	2065719423	15.500082251349202
20210610T1400_CBASS_US_MoteOff_Past_2_39_1140_RNASeq_R2	16297605	7706115	16297605	2444640750	3293447	2064553761	15.547764594859185
20210610T1400_CBASS_US_MoteOff_Past_2_39_180_RNASeq_R1	19979754	8643846	19979754	2996963100	2217849	2661926894	11.179190227600735
20210610T1400_CBASS_US_MoteOff_Past_2_39_180_RNASeq_R2	19979754	8540306	19979754	2996963100	3293497	2661701977	11.186695058073955
20210610T1400_CBASS_US_MoteOff_Past_2_39_360_RNASeq_R1	14457457	5314851	14457457	2168618550	2657816	2133080142	1.6387579088078905
20210610T1400_CBASS_US_MoteOff_Past_2_39_360_RNASeq_R2	14457457	5267925	14457457	2168618550	2420038	2133886136	1.6015916676540465
20210610T1400_CBASS_US_MoteOff_Past_2_39_420_RNASeq_R1	20093618	7255664	20093618	3014042700	2132113	2962788563	1.700511309942623
20210610T1400_CBASS_US_MoteOff_Past_2_39_420_RNASeq_R2	20093618	7226388	20093618	3014042700	2814544	2962408546	1.713119525479848
20210610T1400_CBASS_US_MoteOff_Past_2_39_750_RNASeq_R1	23123038	10899753	23123038	3468455700	2714127	3000083902	13.50375609525588
20210610T1400_CBASS_US_MoteOff_Past_2_39_750_RNASeq_R2	23123038	10818879	23123038	3468455700	4196658	2999402597	13.523398987047752
20210610T1400_CBASS_US_MoteOff_Past_2_T0_0_RNASeq_R1	22064006	8778934	22064006	3309600900	2891929	3027356277	8.528056147192853
20210610T1400_CBASS_US_MoteOff_Past_2_T0_0_RNASeq_R2	22064006	8764105	22064006	3309600900	4155470	3027721339	8.517025753769888
20210610T1400_CBASS_US_MoteOff_Past_2_only_seq_RNASeq_R1	19200823	6904227	19200823	2880123450	2067372	2835605598	1.5456924945352601
20210610T1400_CBASS_US_MoteOff_Past_2_only_seq_RNASeq_R2	19200823	6859469	19200823	2880123450	2736541	2835266043	1.5574820933456863
20210610T1400_CBASS_US_MoteOff_Past_3_30_1140_RNASeq_R1	19518836	8249030	19518836	2927825400	1036332	2586222653	11.667456228776484
20210610T1400_CBASS_US_MoteOff_Past_3_30_1140_RNASeq_R2	19518836	8238209	19518836	2927825400	1835749	2585756760	11.68336882383765
20210610T1400_CBASS_US_MoteOff_Past_3_30_180_RNASeq_R1	17949148	6098644	17949148	2692372200	1365832	2674476283	0.6646895626095084
20210610T1400_CBASS_US_MoteOff_Past_3_30_180_RNASeq_R2	17949148	6085391	17949148	2692372200	1972771	2674045183	0.6807014646786206
20210610T1400_CBASS_US_MoteOff_Past_3_30_360_RNASeq_R1	20184585	10318319	20184585	3027687750	2066566	2421748638	20.013262992526226
20210610T1400_CBASS_US_MoteOff_Past_3_30_360_RNASeq_R2	20184585	10309613	20184585	3027687750	3432763	2421047997	20.036404117300403
20210610T1400_CBASS_US_MoteOff_Past_3_30_420_RNASeq_R1	15726560	5377482	15726560	2358984000	1989506	2344909152	0.5966487267399864
20210610T1400_CBASS_US_MoteOff_Past_3_30_420_RNASeq_R2	15726560	5355471	15726560	2358984000	2046303	2344950777	0.5948841959080688
20210610T1400_CBASS_US_MoteOff_Past_3_30_750_RNASeq_R1	17921653	6348468	17921653	2688247950	2057013	2556276169	4.9092116298275235
20210610T1400_CBASS_US_MoteOff_Past_3_30_750_RNASeq_R2	17921653	6330068	17921653	2688247950	1949871	2556676161	4.894332347579768
20210610T1400_CBASS_US_MoteOff_Past_3_34_1140_RNASeq_R1	14853359	6673635	14853359	2228003850	1139463	1924799374	13.608794975825559
20210610T1400_CBASS_US_MoteOff_Past_3_34_1140_RNASeq_R2	14853359	6686717	14853359	2228003850	2022544	1924052219	13.642329702437452
20210610T1400_CBASS_US_MoteOff_Past_3_34_180_RNASeq_R1	19652290	8630719	19652290	2947843500	1588405	2584561994	12.323636108904696
20210610T1400_CBASS_US_MoteOff_Past_3_34_180_RNASeq_R2	19652290	8622238	19652290	2947843500	2129589	2584196726	12.336027133055062
20210610T1400_CBASS_US_MoteOff_Past_3_34_360_RNASeq_R1	14457047	5423626	14457047	2168557050	1199482	2087166970	3.753190629686224
20210610T1400_CBASS_US_MoteOff_Past_3_34_360_RNASeq_R2	14457047	5413186	14457047	2168557050	1696449	2086829932	3.768732669495598
20210610T1400_CBASS_US_MoteOff_Past_3_34_420_RNASeq_R1	19222841	6212552	19222841	2883426150	2139801	2863513483	0.6905904976966377
20210610T1400_CBASS_US_MoteOff_Past_3_34_420_RNASeq_R2	19222841	6195918	19222841	2883426150	2042636	2863619577	0.686911055447007
20210610T1400_CBASS_US_MoteOff_Past_3_34_750_RNASeq_R1	12798437	6083895	12798437	1919765550	1185255	1561983182	18.636774058165592
20210610T1400_CBASS_US_MoteOff_Past_3_34_750_RNASeq_R2	12798437	6070393	12798437	1919765550	1554520	1562395829	18.61527940221659
20210610T1400_CBASS_US_MoteOff_Past_3_37_1140_RNASeq_R1	15414277	6789424	15414277	2312141550	1490061	2013302751	12.924762283693228
20210610T1400_CBASS_US_MoteOff_Past_3_37_1140_RNASeq_R2	15414277	6806568	15414277	2312141550	2382604	2012467806	12.960873610873866
20210610T1400_CBASS_US_MoteOff_Past_3_37_180_RNASeq_R1	15596017	5720030	15596017	2339402550	1669318	2317650824	0.9297983367591013
20210610T1400_CBASS_US_MoteOff_Past_3_37_180_RNASeq_R2	15596017	5701269	15596017	2339402550	2149517	2317191954	0.9494131738892051
20210610T1400_CBASS_US_MoteOff_Past_3_37_360_RNASeq_R1	14291607	4960190	14291607	2143741050	1947724	2122618893	0.9852942359806004
20210610T1400_CBASS_US_MoteOff_Past_3_37_360_RNASeq_R2	14291607	4940321	14291607	2143741050	1722736	2123061710	0.9646379631532457
20210610T1400_CBASS_US_MoteOff_Past_3_37_420_RNASeq_R1	23387116	17481135	23387116	3508067400	1046869	1894197909	46.00451778663089
20210610T1400_CBASS_US_MoteOff_Past_3_37_420_RNASeq_R2	23387116	17478990	23387116	3508067400	3308961	1893764924	46.01686033740401
20210610T1400_CBASS_US_MoteOff_Past_3_37_750_RNASeq_R1	20466469	7360922	20466469	3069970350	2642452	2977170449	3.0228272725826164
20210610T1400_CBASS_US_MoteOff_Past_3_37_750_RNASeq_R2	20466469	7321395	20466469	3069970350	2469576	2977612307	3.0084343648465532
20210610T1400_CBASS_US_MoteOff_Past_3_39_1140_RNASeq_R1	18857237	7975207	18857237	2828585550	2128529	2516996333	11.015725403815345
20210610T1400_CBASS_US_MoteOff_Past_3_39_1140_RNASeq_R2	18857237	7986961	18857237	2828585550	2966232	2516199578	11.043893369249517
20210610T1400_CBASS_US_MoteOff_Past_3_39_180_RNASeq_R1	15291333	6089344	15291333	2293699950	1592672	2234212347	2.59352157199114
20210610T1400_CBASS_US_MoteOff_Past_3_39_180_RNASeq_R2	15291333	6075421	15291333	2293699950	2051918	2233846152	2.6094868249877234
20210610T1400_CBASS_US_MoteOff_Past_3_39_360_RNASeq_R1	14519706	5510130	14519706	2177955900	3201168	2143504914	1.5818036536001487
20210610T1400_CBASS_US_MoteOff_Past_3_39_360_RNASeq_R2	14519706	5496416	14519706	2177955900	2324685	2145060427	1.5103828778167638
20210610T1400_CBASS_US_MoteOff_Past_3_39_420_RNASeq_R1	21966433	8377738	21966433	3294964950	2865889	3188194104	3.240424332890096
20210610T1400_CBASS_US_MoteOff_Past_3_39_420_RNASeq_R2	21966433	8362366	21966433	3294964950	3856685	3187622117	3.2577837588226846
20210610T1400_CBASS_US_MoteOff_Past_3_39_750_RNASeq_R1	32696507	30761733	32696507	4904476050	824127	1180097451	75.93835836959587
20210610T1400_CBASS_US_MoteOff_Past_3_39_750_RNASeq_R2	32696507	30765175	32696507	4904476050	5865313	1179912252	75.94213449161404
20210610T1400_CBASS_US_MoteOff_Past_3_T0_0_RNASeq_R1	19211691	6436900	19211691	2881753650	1366548	2845969833	1.2417375440818823
20210610T1400_CBASS_US_MoteOff_Past_3_T0_0_RNASeq_R2	19211691	6401412	19211691	2881753650	2183678	2845462422	1.25934526013353
20210610T1400_CBASS_US_MoteOff_Past_3_only_seq_RNASeq_R1	19736817	6917334	19736817	2960522550	2025330	2931136286	0.9926039577033453
20210610T1400_CBASS_US_MoteOff_Past_3_only_seq_RNASeq_R2	19736817	6889896	19736817	2960522550	2567962	2930891985	1.0008559130887213
20210610T1400_CBASS_US_MoteOff_Past_4_30_1140_RNASeq_R1	26525910	10131145	26525910	3978886500	1813579	3736895394	6.081880093840324
20210610T1400_CBASS_US_MoteOff_Past_4_30_1140_RNASeq_R2	26525910	10113684	26525910	3978886500	2953855	3736051339	6.103093440840798
20210610T1400_CBASS_US_MoteOff_Past_4_30_180_RNASeq_R1	17885491	6109697	17885491	2682823650	1286671	2660678466	0.8254431483038402
20210610T1400_CBASS_US_MoteOff_Past_4_30_180_RNASeq_R2	17885491	6096046	17885491	2682823650	1859258	2660284525	0.8401269684647368
20210610T1400_CBASS_US_MoteOff_Past_4_30_360_RNASeq_R1	17629286	7982849	17629286	2644392900	1318777	2279424207	13.801606145592057
20210610T1400_CBASS_US_MoteOff_Past_4_30_360_RNASeq_R2	17629286	7978714	17629286	2644392900	2133724	2278837591	13.823789535964949
20210610T1400_CBASS_US_MoteOff_Past_4_30_420_RNASeq_R1	12061441	3864541	12061441	1809216150	1233977	1797739474	0.6343452107698685
20210610T1400_CBASS_US_MoteOff_Past_4_30_420_RNASeq_R2	12061441	3853691	12061441	1809216150	1205341	1797918513	0.6244492677118763
20210610T1400_CBASS_US_MoteOff_Past_4_30_750_RNASeq_R1	14746341	5104314	14746341	2211951150	1550822	2181233874	1.3886959483711925
20210610T1400_CBASS_US_MoteOff_Past_4_30_750_RNASeq_R2	14746341	5087162	14746341	2211951150	1603610	2181257754	1.38761635852582
20210610T1400_CBASS_US_MoteOff_Past_4_34_1140_RNASeq_R1	15097962	6889114	15097962	2264694300	1040823	1911855635	15.579968784307887
20210610T1400_CBASS_US_MoteOff_Past_4_34_1140_RNASeq_R2	15097962	6911924	15097962	2264694300	1916358	1911068619	15.614720317881314
20210610T1400_CBASS_US_MoteOff_Past_4_34_180_RNASeq_R1	14829232	5115463	14829232	2224384800	1149699	2189525871	1.567126739941758
20210610T1400_CBASS_US_MoteOff_Past_4_34_180_RNASeq_R2	14829232	5108925	14829232	2224384800	1579746	2189282764	1.578055919101767
20210610T1400_CBASS_US_MoteOff_Past_4_34_360_RNASeq_R1	15361005	5211491	15361005	2304150750	1868363	2274770582	1.2750974735485514
20210610T1400_CBASS_US_MoteOff_Past_4_34_360_RNASeq_R2	15361005	5217906	15361005	2304150750	2440367	2274454959	1.288795492222026
20210610T1400_CBASS_US_MoteOff_Past_4_34_420_RNASeq_R1	18693360	5895444	18693360	2804004000	2726049	2773586044	1.0848043012777442
20210610T1400_CBASS_US_MoteOff_Past_4_34_420_RNASeq_R2	18693360	5880018	18693360	2804004000	2158323	2774344100	1.057769532425774
20210610T1400_CBASS_US_MoteOff_Past_4_34_750_RNASeq_R1	16660157	5748946	16660157	2499023550	1661159	2453698300	1.8137184021335053
20210610T1400_CBASS_US_MoteOff_Past_4_34_750_RNASeq_R2	16660157	5724283	16660157	2499023550	1777278	2453749388	1.8116740836635974
20210610T1400_CBASS_US_MoteOff_Past_4_37_1140_RNASeq_R1	18143980	8156748	18143980	2721597000	1862415	2331779614	14.323111981678405
20210610T1400_CBASS_US_MoteOff_Past_4_37_1140_RNASeq_R2	18143980	8164889	18143980	2721597000	3139293	2330690364	14.363134439081172
20210610T1400_CBASS_US_MoteOff_Past_4_37_180_RNASeq_R1	19435608	7759229	19435608	2915341200	1461557	2639475091	9.462566817221942
20210610T1400_CBASS_US_MoteOff_Past_4_37_180_RNASeq_R2	19435608	7744163	19435608	2915341200	2199348	2639107952	9.475160163071134
20210610T1400_CBASS_US_MoteOff_Past_4_37_360_RNASeq_R1	19346245	6878736	19346245	2901936750	2691360	2878449468	0.8093657451355547
20210610T1400_CBASS_US_MoteOff_Past_4_37_360_RNASeq_R2	19346245	6834662	19346245	2901936750	2565405	2878803602	0.7971623778498962
20210610T1400_CBASS_US_MoteOff_Past_4_37_420_RNASeq_R1	17667643	6173177	17667643	2650146450	2203202	2589470423	2.289534867025934
20210610T1400_CBASS_US_MoteOff_Past_4_37_420_RNASeq_R2	17667643	6148020	17667643	2650146450	2118839	2589740379	2.2793484111038467
20210610T1400_CBASS_US_MoteOff_Past_4_37_750_RNASeq_R1	18467871	7573932	18467871	2770180650	1666113	2506330915	9.524640026635087
20210610T1400_CBASS_US_MoteOff_Past_4_37_750_RNASeq_R2	18467871	7554345	18467871	2770180650	2168284	2506256567	9.527323894923603
20210610T1400_CBASS_US_MoteOff_Past_4_39_1140_RNASeq_R1	18042361	11563944	18042361	2706354150	1756207	1681790227	37.85771802999249
20210610T1400_CBASS_US_MoteOff_Past_4_39_1140_RNASeq_R2	18042361	11546090	18042361	2706354150	2932202	1680439040	37.90764449656376
20210610T1400_CBASS_US_MoteOff_Past_4_39_180_RNASeq_R1	16611015	7154998	16611015	2491652250	1599690	2258399888	9.36135297371453
20210610T1400_CBASS_US_MoteOff_Past_4_39_180_RNASeq_R2	16611015	7136222	16611015	2491652250	2244266	2257951426	9.379351552769853
20210610T1400_CBASS_US_MoteOff_Past_4_39_360_RNASeq_R1	17060035	6322301	17060035	2559005250	3226269	2536093011	0.8953572486809083
20210610T1400_CBASS_US_MoteOff_Past_4_39_360_RNASeq_R2	17060035	6301565	17060035	2559005250	2529615	2536963448	0.8613425861474884
20210610T1400_CBASS_US_MoteOff_Past_4_39_420_RNASeq_R1	20988937	12283010	20988937	3148340550	2047997	2206460659	29.916709328029967
20210610T1400_CBASS_US_MoteOff_Past_4_39_420_RNASeq_R2	20988937	12282291	20988937	3148340550	3151430	2205764586	29.938818530924173
20210610T1400_CBASS_US_MoteOff_Past_4_39_750_RNASeq_R1	37643876	33694632	37643876	5646581400	1002299	1698661920	69.91698516911488
20210610T1400_CBASS_US_MoteOff_Past_4_39_750_RNASeq_R2	37643876	33705208	37643876	5646581400	6103535	1697413395	69.9390963353508
20210610T1400_CBASS_US_MoteOff_Past_4_T0_0_RNASeq_R1	13289398	4453729	13289398	1993409700	1033810	1977418678	0.8021944510453621
20210610T1400_CBASS_US_MoteOff_Past_4_T0_0_RNASeq_R2	13289398	4439911	13289398	1993409700	1495573	1977123385	0.8170079136265866
20210610T1400_CBASS_US_MoteOff_Past_4_only_seq_RNASeq_R1	18734460	6408145	18734460	2810169000	1409744	2768410474	1.4859791706477439
20210610T1400_CBASS_US_MoteOff_Past_4_only_seq_RNASeq_R2	18734460	6378313	18734460	2810169000	2077752	2768057902	1.498525462347638
20210610T1400_CBASS_US_MoteOff_Past_5_30_1140_RNASeq_R1	24943329	9613039	24943329	3741499350	1484960	3505486806	6.30796699189591
20210610T1400_CBASS_US_MoteOff_Past_5_30_1140_RNASeq_R2	24943329	9593596	24943329	3741499350	2593209	3504755885	6.3275025024392955
20210610T1400_CBASS_US_MoteOff_Past_5_30_180_RNASeq_R1	16230959	5918132	16230959	2434643850	1439520	2406645314	1.1500054104422706
20210610T1400_CBASS_US_MoteOff_Past_5_30_180_RNASeq_R2	16230959	5900669	16230959	2434643850	1970368	2406151941	1.1702700992590764
20210610T1400_CBASS_US_MoteOff_Past_5_30_360_RNASeq_R1	20321355	7385611	20321355	3048203250	2023205	2991951943	1.8453922650991204
20210610T1400_CBASS_US_MoteOff_Past_5_30_360_RNASeq_R2	20321355	7372566	20321355	3048203250	2492488	2991575186	1.8577522348616353
20210610T1400_CBASS_US_MoteOff_Past_5_30_420_RNASeq_R1	14683198	4980398	14683198	2202479700	1860042	2189468243	0.5907639920585874
20210610T1400_CBASS_US_MoteOff_Past_5_30_420_RNASeq_R2	14683198	4953436	14683198	2202479700	1856108	2189580160	0.5856825831357265
20210610T1400_CBASS_US_MoteOff_Past_5_30_750_RNASeq_R1	11378358	3909053	11378358	1706753700	1094452	1683444689	1.3656927182873546
20210610T1400_CBASS_US_MoteOff_Past_5_30_750_RNASeq_R2	11378358	3889817	11378358	1706753700	1169406	1683499492	1.3624817687519881
20210610T1400_CBASS_US_MoteOff_Past_5_34_1140_RNASeq_R1	20186789	7023148	20186789	3028018350	2489716	2935535336	3.054242191101649
20210610T1400_CBASS_US_MoteOff_Past_5_34_1140_RNASeq_R2	20186789	7041917	20186789	3028018350	3339350	2934558141	3.086513957222221
20210610T1400_CBASS_US_MoteOff_Past_5_34_180_RNASeq_R1	15958598	5609634	15958598	2393789700	1501629	2373313859	0.8553734273315655
20210610T1400_CBASS_US_MoteOff_Past_5_34_180_RNASeq_R2	15958598	5582828	15958598	2393789700	2116530	2372848410	0.8748174495027696
20210610T1400_CBASS_US_MoteOff_Past_5_34_360_RNASeq_R1	17580101	6190320	17580101	2637015150	2118720	2616750657	0.7684632756091674
20210610T1400_CBASS_US_MoteOff_Past_5_34_360_RNASeq_R2	17580101	6163674	17580101	2637015150	2172294	2616850871	0.7646629940673644
20210610T1400_CBASS_US_MoteOff_Past_5_34_420_RNASeq_R1	15338317	5131414	15338317	2300747550	1752338	2280515157	0.8793834421338403
20210610T1400_CBASS_US_MoteOff_Past_5_34_420_RNASeq_R2	15338317	5121843	15338317	2300747550	1654121	2280858391	0.8644650735366424
20210610T1400_CBASS_US_MoteOff_Past_5_34_750_RNASeq_R1	15869895	5472769	15869895	2380484250	1769002	2353818654	1.1201752752617455
20210610T1400_CBASS_US_MoteOff_Past_5_34_750_RNASeq_R2	15869895	5441134	15869895	2380484250	1819488	2353970207	1.113808797516724
20210610T1400_CBASS_US_MoteOff_Past_5_37_1140_RNASeq_R1	14179255	5593479	14179255	2126888250	1502217	1988932575	6.486268143142923
20210610T1400_CBASS_US_MoteOff_Past_5_37_1140_RNASeq_R2	14179255	5604195	14179255	2126888250	2402395	1988008720	6.529705075008055
20210610T1400_CBASS_US_MoteOff_Past_5_37_360_RNASeq_R1	19715161	7103925	19715161	2957274150	3109446	2929814499	0.9285460057871198
20210610T1400_CBASS_US_MoteOff_Past_5_37_360_RNASeq_R2	19715161	7083375	19715161	2957274150	2608966	2930502488	0.9052817101857128
20210610T1400_CBASS_US_MoteOff_Past_5_37_420_RNASeq_R1	18027889	6522265	18027889	2704183350	2715090	2604549255	3.6844430315718055
20210610T1400_CBASS_US_MoteOff_Past_5_37_420_RNASeq_R2	18027889	6501881	18027889	2704183350	2381963	2605167074	3.661596244943968
20210610T1400_CBASS_US_MoteOff_Past_5_37_750_RNASeq_R1	17643199	6330544	17643199	2646479850	2523916	2606859992	1.4970776369221175
20210610T1400_CBASS_US_MoteOff_Past_5_37_750_RNASeq_R2	17643199	6319710	17643199	2646479850	2182105	2607339080	1.4789747974087164
20210610T1400_CBASS_US_MoteOff_Past_5_39_1140_RNASeq_R1	17655995	6179289	17655995	2648399250	3304214	2587027042	2.317332177163243
20210610T1400_CBASS_US_MoteOff_Past_5_39_1140_RNASeq_R2	17655995	6146618	17655995	2648399250	3655915	2586140999	2.3507879712622635
20210610T1400_CBASS_US_MoteOff_Past_5_39_180_RNASeq_R1	19122312	9009165	19122312	2868346800	2077054	2535912195	11.589763308955527
20210610T1400_CBASS_US_MoteOff_Past_5_39_180_RNASeq_R2	19122312	9039386	19122312	2868346800	4211718	2533821971	11.662635389835009
20210610T1400_CBASS_US_MoteOff_Past_5_39_360_RNASeq_R1	19865199	8810394	19865199	2979779850	2481752	2643644094	11.280556716295669
20210610T1400_CBASS_US_MoteOff_Past_5_39_360_RNASeq_R2	19865199	8792708	19865199	2979779850	3302620	2643476036	11.286196663152817
20210610T1400_CBASS_US_MoteOff_Past_5_39_420_RNASeq_R1	17640855	6550915	17640855	2646128250	3690465	2611378370	1.3132349121778206
20210610T1400_CBASS_US_MoteOff_Past_5_39_420_RNASeq_R2	17640855	6529887	17640855	2646128250	2972543	2612236277	1.2808136944987454
20210610T1400_CBASS_US_MoteOff_Past_5_39_750_RNASeq_R1	27379107	11979765	27379107	4106866050	3198259	3700625677	9.891736619946492
20210610T1400_CBASS_US_MoteOff_Past_5_39_750_RNASeq_R2	27379107	11947323	27379107	4106866050	4401756	3700152819	9.90325046028711
20210610T1400_CBASS_US_MoteOff_Past_5_T0_0_RNASeq_R1	46278908	15941372	46278908	6941836200	5277355	6895553136	0.6667265355526539
20210610T1400_CBASS_US_MoteOff_Past_5_T0_0_RNASeq_R2	46278908	15820215	46278908	6941836200	15305865	6885571243	0.810519801662851
20210610T1400_CBASS_US_MoteOff_Past_5_only_seq_RNASeq_R1	20219051	6837160	20219051	3032857650	1432119	2997164185	1.1768921960448753
20210610T1400_CBASS_US_MoteOff_Past_5_only_seq_RNASeq_R2	20219051	6812989	20219051	3032857650	2100503	2996817704	1.1883164381289046
