Sample	total_reads	avg_input_read_length	uniquely_mapped	uniquely_mapped_percent	avg_mapped_read_length	num_splices	num_annotated_splices	num_GTAG_splices	num_GCAG_splices	num_ATAC_splices	num_noncanonical_splices	mismatch_rate	deletion_rate	deletion_length	insertion_rate	insertion_length	multimapped	multimapped_percent	multimapped_toomany	multimapped_toomany_percent	unmapped_mismatches_percent	unmapped_tooshort_percent	unmapped_other_percent	unmapped_mismatches	unmapped_tooshort	unmapped_other
20210608T1400_CBASS_US_MoteIn_Past_10_30_1140_RNASeq_2kenkel	21502151.0	298.0	10350987.0	48.14	266.57	14733.0	0.0	14360.0	343.0	30.0	0.0	0.44	0.05	1.31	0.06	1.22	199828.0	0.93	9976.0	0.05	4.54	46.34	0.01	976101	9963109	2150
20210608T1400_CBASS_US_MoteIn_Past_10_30_180_RNASeq_2kenkel	21153479.0	295.0	10805879.0	51.08	268.16	14520.0	0.0	14178.0	301.0	41.0	0.0	0.42	0.05	1.36	0.06	1.22	269187.0	1.27	2684.0	0.01	4.36	43.27	0.0	922322	9153407	0
20210608T1400_CBASS_US_MoteIn_Past_10_30_360_RNASeq_2kenkel	13875144.0	298.0	4788844.0	34.51	268.59	14173.0	0.0	13851.0	305.0	17.0	0.0	0.58	0.06	1.57	0.06	1.38	122576.0	0.88	11033.0	0.08	5.7	58.81	0.01	790923	8160381	1388
20210608T1400_CBASS_US_MoteIn_Past_10_30_420_RNASeq_2kenkel	12457947.0	297.0	9115479.0	73.17	274.49	2836.0	0.0	2719.0	105.0	12.0	0.0	0.29	0.03	1.13	0.05	1.1	99823.0	0.8	1283.0	0.01	2.44	23.58	0.0	303956	2937406	0
20210608T1400_CBASS_US_MoteIn_Past_10_30_750_RNASeq_2kenkel	16969831.0	297.0	8815974.0	51.95	271.39	10333.0	0.0	10111.0	199.0	23.0	0.0	0.4	0.05	1.31	0.06	1.2	147135.0	0.87	8163.0	0.05	4.04	43.08	0.01	685639	7311223	1697
20210608T1400_CBASS_US_MoteIn_Past_10_34_1140_RNASeq_2kenkel	17313945.0	297.0	10481505.0	60.54	273.34	6780.0	0.0	6526.0	223.0	31.0	0.0	0.36	0.04	1.21	0.06	1.14	160010.0	0.92	2723.0	0.02	3.57	34.95	0.0	618143	6051564	0
20210608T1400_CBASS_US_MoteIn_Past_10_34_180_RNASeq_2kenkel	17968322.0	294.0	12293437.0	68.42	269.44	10171.0	0.0	9993.0	163.0	15.0	0.0	0.31	0.03	1.17	0.05	1.12	224096.0	1.25	2067.0	0.01	3.2	27.12	0.0	575063	4873659	0
20210608T1400_CBASS_US_MoteIn_Past_10_34_360_RNASeq_2kenkel	17767628.0	297.0	10655037.0	59.97	271.19	11890.0	0.0	11682.0	157.0	51.0	0.0	0.38	0.04	1.26	0.05	1.15	158875.0	0.89	7282.0	0.04	3.74	35.35	0.01	664442	6280216	1777
20210608T1400_CBASS_US_MoteIn_Past_10_34_420_RNASeq_2kenkel	21498592.0	297.0	14005291.0	65.15	271.15	8599.0	0.0	8357.0	193.0	49.0	0.0	0.34	0.04	1.2	0.05	1.14	191088.0	0.89	3205.0	0.01	3.41	30.54	0.0	733126	6565882	0
20210608T1400_CBASS_US_MoteIn_Past_10_34_750_RNASeq_2kenkel	16752901.0	298.0	10468860.0	62.49	273.66	7290.0	0.0	7062.0	215.0	13.0	0.0	0.33	0.04	1.23	0.06	1.14	137302.0	0.82	3501.0	0.02	3.31	33.35	0.0	554668	5588570	0
20210608T1400_CBASS_US_MoteIn_Past_10_37_1140_RNASeq_2kenkel	14814877.0	289.0	8565282.0	57.82	269.65	9363.0	0.0	9169.0	194.0	0.0	0.0	0.32	0.03	1.11	0.06	1.08	274945.0	1.86	441.0	0.0	5.03	35.3	0.0	745110	5229099	0
20210608T1400_CBASS_US_MoteIn_Past_10_37_180_RNASeq_2kenkel	19817372.0	244.0	10459620.0	52.78	219.8	12668.0	0.0	12457.0	195.0	16.0	0.0	0.35	0.03	1.22	0.06	1.13	1668523.0	8.42	3938.0	0.02	6.83	31.94	0.0	1353896	6331395	0
20210608T1400_CBASS_US_MoteIn_Past_10_37_360_RNASeq_2kenkel	16607628.0	298.0	11592724.0	69.8	273.04	13594.0	0.0	13339.0	255.0	0.0	0.0	0.28	0.03	1.14	0.06	1.09	134650.0	0.81	2847.0	0.02	3.14	26.23	0.0	521452	4355955	0
20210608T1400_CBASS_US_MoteIn_Past_10_37_420_RNASeq_2kenkel	13527318.0	297.0	6595820.0	48.76	268.85	19703.0	0.0	19397.0	260.0	46.0	0.0	0.44	0.04	1.24	0.07	1.12	105912.0	0.78	5773.0	0.04	7.08	43.33	0.0	957831	5861982	0
20210608T1400_CBASS_US_MoteIn_Past_10_37_750_RNASeq_2kenkel	17778065.0	294.0	11749689.0	66.09	267.89	15361.0	0.0	15066.0	295.0	0.0	0.0	0.32	0.03	1.12	0.06	1.08	134552.0	0.76	911.0	0.01	3.74	29.4	0.0	665042	5227871	0
20210608T1400_CBASS_US_MoteIn_Past_10_39_1140_RNASeq_2kenkel	20760705.0	222.0	2988170.0	14.39	32.83	34.0	0.0	14.0	20.0	0.0	0.0	0.21	0.01	1.1	0.01	1.21	2288727.0	11.02	959.0	0.0	9.4	65.18	0.0	1951445	13531404	0
20210608T1400_CBASS_US_MoteIn_Past_10_39_180_RNASeq_2kenkel	16415592.0	281.0	7432107.0	45.27	251.39	33258.0	0.0	32861.0	365.0	32.0	0.0	0.47	0.04	1.32	0.06	1.15	507714.0	3.09	15538.0	0.09	9.2	42.33	0.01	1510170	6948422	1641
20210608T1400_CBASS_US_MoteIn_Past_10_39_360_RNASeq_2kenkel	14756220.0	297.0	3388031.0	22.96	263.47	34396.0	0.0	34234.0	148.0	14.0	0.0	0.56	0.04	1.44	0.08	1.14	72060.0	0.49	4961.0	0.03	7.41	69.1	0.0	1093551	10197617	0
20210608T1400_CBASS_US_MoteIn_Past_10_39_420_RNASeq_2kenkel	18827662.0	291.0	1652923.0	8.78	235.48	10412.0	0.0	10412.0	0.0	0.0	0.0	0.56	0.04	1.42	0.07	1.11	159299.0	0.85	3389.0	0.02	6.46	83.89	0.0	1216357	15795694	0
20210608T1400_CBASS_US_MoteIn_Past_10_39_750_RNASeq_2kenkel	17640652.0	297.0	1404811.0	7.96	264.08	12448.0	0.0	12406.0	41.0	1.0	0.0	0.53	0.04	1.4	0.07	1.14	29083.0	0.16	2577.0	0.01	2.75	89.11	0.0	485102	15719079	0
20210608T1400_CBASS_US_MoteIn_Past_10_T0_0_RNASeq_2kenkel	21082848.0	293.0	14100870.0	66.88	269.69	8674.0	0.0	8467.0	196.0	11.0	0.0	0.33	0.04	1.17	0.05	1.12	318669.0	1.51	840.0	0.0	3.03	28.57	0.0	638838	6023631	0
20210608T1400_CBASS_US_MoteIn_Past_10_only_seq_RNASeq_2kenkel	23783430.0	296.0	13181693.0	55.42	267.1	12785.0	0.0	12518.0	223.0	44.0	0.0	0.34	0.04	1.19	0.05	1.14	236559.0	0.99	1806.0	0.01	4.0	39.57	0.0	951423	9411949	0
20210608T1400_CBASS_US_MoteIn_Past_6_30_1140_RNASeq_2kenkel	14865639.0	298.0	6200636.0	41.71	266.75	11448.0	0.0	11172.0	236.0	40.0	0.0	0.46	0.06	1.41	0.07	1.28	129462.0	0.87	5024.0	0.03	4.51	52.87	0.01	670372	7858659	1486
20210608T1400_CBASS_US_MoteIn_Past_6_30_180_RNASeq_2kenkel	18889385.0	284.0	13613139.0	72.07	264.71	2970.0	0.0	2875.0	65.0	30.0	0.0	0.23	0.03	1.11	0.05	1.09	518563.0	2.75	601.0	0.0	2.84	22.35	0.0	536328	4220754	0
20210608T1400_CBASS_US_MoteIn_Past_6_30_360_RNASeq_2kenkel	16181882.0	297.0	10862286.0	67.13	273.16	6160.0	0.0	5993.0	111.0	56.0	0.0	0.28	0.04	1.18	0.06	1.13	134186.0	0.83	2321.0	0.01	2.95	29.08	0.0	477368	4705721	0
20210608T1400_CBASS_US_MoteIn_Past_6_30_420_RNASeq_2kenkel	18813515.0	298.0	12973197.0	68.96	274.15	4689.0	0.0	4486.0	183.0	20.0	0.0	0.24	0.03	1.15	0.05	1.1	149451.0	0.79	1847.0	0.01	2.37	27.87	0.0	445866	5243154	0
20210608T1400_CBASS_US_MoteIn_Past_6_30_750_RNASeq_2kenkel	11251931.0	298.0	8134939.0	72.3	275.01	4247.0	0.0	4102.0	122.0	23.0	0.0	0.27	0.03	1.15	0.06	1.11	97241.0	0.86	1212.0	0.01	2.49	24.33	0.0	280245	2738294	0
20210608T1400_CBASS_US_MoteIn_Past_6_34_1140_RNASeq_2kenkel	18636511.0	298.0	13696863.0	73.49	274.61	5405.0	0.0	5191.0	175.0	39.0	0.0	0.27	0.03	1.15	0.05	1.1	158614.0	0.85	956.0	0.01	2.4	23.25	0.0	447259	4332819	0
20210608T1400_CBASS_US_MoteIn_Past_6_34_180_RNASeq_2kenkel	19937375.0	289.0	14732932.0	73.9	267.93	6832.0	0.0	6676.0	129.0	27.0	0.0	0.24	0.03	1.13	0.05	1.09	395801.0	1.99	1088.0	0.01	2.7	21.41	0.0	538382	4269172	0
20210608T1400_CBASS_US_MoteIn_Past_6_34_360_RNASeq_2kenkel	15282245.0	297.0	7623240.0	49.88	274.35	3848.0	0.0	3845.0	3.0	0.0	0.0	0.28	0.03	1.17	0.06	1.12	106191.0	0.69	7980.0	0.05	3.68	45.69	0.0	562386	6982448	0
20210608T1400_CBASS_US_MoteIn_Past_6_34_420_RNASeq_2kenkel	15359771.0	297.0	10117785.0	65.87	273.99	5267.0	0.0	5093.0	119.0	55.0	0.0	0.28	0.03	1.16	0.06	1.11	120032.0	0.78	8018.0	0.05	2.84	30.45	0.0	436275	4677661	0
20210608T1400_CBASS_US_MoteIn_Past_6_34_750_RNASeq_2kenkel	16703726.0	297.0	12233208.0	73.24	274.95	4696.0	0.0	4489.0	161.0	46.0	0.0	0.28	0.03	1.14	0.05	1.11	140864.0	0.84	1597.0	0.01	2.67	23.24	0.0	446002	3882055	0
20210608T1400_CBASS_US_MoteIn_Past_6_37_1140_RNASeq_2kenkel	18027532.0	295.0	12521491.0	69.46	274.71	5511.0	0.0	5264.0	213.0	34.0	0.0	0.25	0.03	1.08	0.06	1.07	194723.0	1.08	700.0	0.0	3.47	25.99	0.0	625521	4685097	0
20210608T1400_CBASS_US_MoteIn_Past_6_37_180_RNASeq_2kenkel	16747162.0	291.0	9923954.0	59.26	266.67	18329.0	0.0	18093.0	203.0	33.0	0.0	0.32	0.04	1.17	0.06	1.13	293951.0	1.76	3141.0	0.02	4.37	34.59	0.0	732010	5794106	0
20210608T1400_CBASS_US_MoteIn_Past_6_37_360_RNASeq_2kenkel	17188692.0	298.0	11381446.0	66.21	271.59	16205.0	0.0	16070.0	125.0	10.0	0.0	0.28	0.03	1.14	0.06	1.08	126067.0	0.73	1917.0	0.01	3.81	29.23	0.0	654903	5024359	0
20210608T1400_CBASS_US_MoteIn_Past_6_37_420_RNASeq_2kenkel	19463543.0	297.0	12784594.0	65.68	271.37	19263.0	0.0	19024.0	215.0	24.0	0.0	0.29	0.03	1.11	0.06	1.09	149977.0	0.77	2183.0	0.01	3.9	29.63	0.0	759155	5767634	0
20210608T1400_CBASS_US_MoteIn_Past_6_37_750_RNASeq_2kenkel	19766991.0	298.0	12575788.0	63.62	272.21	18594.0	0.0	18251.0	322.0	21.0	0.0	0.32	0.03	1.15	0.06	1.1	160058.0	0.81	2173.0	0.01	3.9	31.66	0.0	770894	6258078	0
20210608T1400_CBASS_US_MoteIn_Past_6_39_1140_RNASeq_2kenkel	25906004.0	217.0	4309599.0	16.64	50.75	1808.0	0.0	1742.0	66.0	0.0	0.0	0.64	0.01	1.07	0.02	1.25	3206234.0	12.38	1488.0	0.01	13.5	57.48	0.0	3497425	14891258	0
20210608T1400_CBASS_US_MoteIn_Past_6_39_180_RNASeq_2kenkel	17082241.0	253.0	5335595.0	31.23	198.39	11374.0	0.0	11069.0	287.0	18.0	0.0	0.37	0.03	1.24	0.06	1.13	1177914.0	6.9	5375.0	0.03	4.53	57.31	0.0	773803	9789554	0
20210608T1400_CBASS_US_MoteIn_Past_6_39_360_RNASeq_2kenkel	14069472.0	293.0	1521187.0	10.81	225.38	15692.0	0.0	15692.0	0.0	0.0	0.0	0.63	0.05	1.3	0.08	1.19	59942.0	0.43	154.0	0.0	5.46	83.3	0.0	768201	11719988	0
20210608T1400_CBASS_US_MoteIn_Past_6_39_420_RNASeq_2kenkel	19811108.0	298.0	275120.0	1.39	237.28	2996.0	0.0	2977.0	17.0	2.0	0.0	0.96	0.04	1.39	0.06	1.24	11472.0	0.06	240.0	0.0	3.26	95.29	0.0	645856	18878420	0
20210608T1400_CBASS_US_MoteIn_Past_6_39_750_RNASeq_2kenkel	23317924.0	296.0	5489096.0	23.54	256.34	61084.0	0.0	60531.0	504.0	49.0	0.0	0.68	0.06	1.32	0.09	1.14	204993.0	0.88	609.0	0.0	8.4	67.17	0.0	1958914	15664312	0
20210608T1400_CBASS_US_MoteIn_Past_6_T0_0_RNASeq_2kenkel	21063457.0	296.0	12058093.0	57.25	269.72	11300.0	0.0	11087.0	158.0	55.0	0.0	0.33	0.04	1.23	0.06	1.16	230437.0	1.09	2769.0	0.01	3.28	38.36	0.0	690987	8081171	0
20210608T1400_CBASS_US_MoteIn_Past_6_only_seq_RNASeq_2kenkel	17546033.0	293.0	12470879.0	71.08	270.17	8038.0	0.0	7843.0	186.0	9.0	0.0	0.26	0.03	1.16	0.05	1.11	286861.0	1.63	2675.0	0.02	2.54	24.73	0.0	445745	4339873	0
20210608T1400_CBASS_US_MoteIn_Past_7_30_180_RNASeq_2kenkel	13431668.0	270.0	9222901.0	68.67	256.15	1928.0	0.0	1881.0	47.0	0.0	0.0	0.22	0.03	1.1	0.05	1.08	613061.0	4.56	583.0	0.0	3.31	23.46	0.0	444522	3150601	0
20210608T1400_CBASS_US_MoteIn_Past_7_30_360_RNASeq_2kenkel	18110822.0	298.0	13447773.0	74.25	273.15	4135.0	0.0	3941.0	156.0	38.0	0.0	0.26	0.04	1.13	0.05	1.11	138650.0	0.77	1201.0	0.01	2.46	22.51	0.0	445617	4077581	0
20210608T1400_CBASS_US_MoteIn_Past_7_30_420_RNASeq_2kenkel	17296668.0	298.0	12954669.0	74.9	275.77	3810.0	0.0	3621.0	175.0	14.0	0.0	0.23	0.03	1.11	0.05	1.09	134177.0	0.78	369.0	0.0	2.14	22.18	0.0	370228	3837225	0
20210608T1400_CBASS_US_MoteIn_Past_7_30_750_RNASeq_2kenkel	17836826.0	298.0	12273250.0	68.81	275.25	4704.0	0.0	4484.0	194.0	26.0	0.0	0.27	0.04	1.14	0.05	1.11	133831.0	0.75	1774.0	0.01	2.91	27.51	0.0	519244	4908727	0
20210608T1400_CBASS_US_MoteIn_Past_7_34_1140_RNASeq_2kenkel	24002433.0	298.0	17238584.0	71.82	274.74	6123.0	0.0	5858.0	235.0	30.0	0.0	0.28	0.03	1.13	0.05	1.1	193465.0	0.81	218.0	0.0	2.75	24.62	0.0	660137	5910029	0
20210608T1400_CBASS_US_MoteIn_Past_7_34_180_RNASeq_2kenkel	19533164.0	285.0	14470626.0	74.08	266.73	5337.0	0.0	5181.0	143.0	13.0	0.0	0.23	0.03	1.1	0.05	1.08	479261.0	2.45	2272.0	0.01	2.86	20.59	0.0	558707	4022298	0
20210608T1400_CBASS_US_MoteIn_Past_7_34_360_RNASeq_2kenkel	15766267.0	297.0	8991550.0	57.03	275.57	1054.0	0.0	998.0	56.0	0.0	0.0	0.23	0.02	1.09	0.06	1.08	98153.0	0.62	286.0	0.0	4.68	37.66	0.0	737954	5938324	0
20210608T1400_CBASS_US_MoteIn_Past_7_34_420_RNASeq_2kenkel	16079906.0	298.0	12407003.0	77.16	277.62	3191.0	0.0	3036.0	150.0	5.0	0.0	0.22	0.03	1.09	0.05	1.08	113462.0	0.71	1105.0	0.01	2.01	20.11	0.0	323339	3234997	0
20210608T1400_CBASS_US_MoteIn_Past_7_34_750_RNASeq_2kenkel	19974518.0	298.0	16105522.0	80.63	278.79	3447.0	0.0	3268.0	133.0	46.0	0.0	0.22	0.03	1.09	0.05	1.09	134174.0	0.67	899.0	0.0	1.92	16.77	0.0	383581	3350342	0
20210608T1400_CBASS_US_MoteIn_Past_7_37_1140_RNASeq_2kenkel	16017086.0	297.0	7353913.0	45.91	268.95	19020.0	0.0	18639.0	372.0	9.0	0.0	0.4	0.04	1.21	0.06	1.14	128465.0	0.8	2714.0	0.02	5.63	47.64	0.0	901729	7630265	0
20210608T1400_CBASS_US_MoteIn_Past_7_37_180_RNASeq_2kenkel	21750559.0	251.0	16116357.0	74.1	243.85	4896.0	0.0	4766.0	127.0	3.0	0.0	0.22	0.03	1.09	0.05	1.08	1592996.0	7.32	1400.0	0.01	3.8	14.77	0.0	826670	3213136	0
20210608T1400_CBASS_US_MoteIn_Past_7_37_360_RNASeq_2kenkel	16516775.0	297.0	6850889.0	41.48	266.84	24805.0	0.0	24286.0	474.0	45.0	0.0	0.45	0.04	1.27	0.07	1.14	105771.0	0.64	26574.0	0.16	9.78	47.93	0.01	1615351	7916539	1652
20210608T1400_CBASS_US_MoteIn_Past_7_37_420_RNASeq_2kenkel	23302467.0	297.0	7740837.0	33.22	262.3	36068.0	0.0	35693.0	349.0	26.0	0.0	0.52	0.04	1.28	0.07	1.17	147213.0	0.63	22772.0	0.1	9.29	56.76	0.01	2164523	13224792	2330
20210608T1400_CBASS_US_MoteIn_Past_7_37_750_RNASeq_2kenkel	15390886.0	298.0	7241088.0	47.05	266.86	24639.0	0.0	24254.0	357.0	28.0	0.0	0.4	0.04	1.22	0.06	1.15	114706.0	0.75	6164.0	0.04	5.87	46.29	0.0	903562	7125366	0
20210608T1400_CBASS_US_MoteIn_Past_7_39_1140_RNASeq_2kenkel	28145563.0	211.0	4934158.0	17.53	50.52	1471.0	0.0	1457.0	14.0	0.0	0.0	0.3	0.02	1.63	0.04	1.23	3670231.0	13.04	1729.0	0.01	9.29	60.13	0.0	2614829	16924616	0
20210608T1400_CBASS_US_MoteIn_Past_7_39_180_RNASeq_2kenkel	11896040.0	231.0	7358748.0	61.86	219.19	8592.0	0.0	8550.0	32.0	10.0	0.0	0.24	0.03	1.11	0.05	1.08	1218319.0	10.24	2657.0	0.02	5.46	22.42	0.0	649465	2666851	0
20210608T1400_CBASS_US_MoteIn_Past_7_39_360_RNASeq_2kenkel	5430835.0	288.0	1203806.0	22.17	258.54	12618.0	0.0	12527.0	83.0	8.0	0.0	0.63	0.03	1.34	0.07	1.17	100098.0	1.84	64473.0	1.19	8.68	66.07	0.05	471419	3588324	2716
20210608T1400_CBASS_US_MoteIn_Past_7_39_420_RNASeq_2kenkel	17587328.0	297.0	6710871.0	38.16	269.86	57334.0	0.0	56712.0	590.0	32.0	0.0	0.58	0.04	1.38	0.06	1.24	123674.0	0.7	14417.0	0.08	11.34	49.71	0.01	1994318	8742289	1759
20210608T1400_CBASS_US_MoteIn_Past_7_39_750_RNASeq_2kenkel	25161034.0	297.0	5908505.0	23.48	262.47	60787.0	0.0	59929.0	757.0	101.0	0.0	0.61	0.04	1.4	0.08	1.17	191800.0	0.76	5225.0	0.02	9.01	66.73	0.0	2266835	16788669	0
20210608T1400_CBASS_US_MoteIn_Past_7_T0_0_RNASeq_2kenkel	19146686.0	286.0	11487271.0	60.0	263.89	7936.0	0.0	7735.0	163.0	38.0	0.0	0.29	0.04	1.17	0.05	1.14	439452.0	2.3	2206.0	0.01	3.88	33.82	0.0	742835	6474922	0
20210608T1400_CBASS_US_MoteIn_Past_7_only_seq_RNASeq_2kenkel	23311521.0	297.0	15394946.0	66.04	269.85	9813.0	0.0	9463.0	253.0	97.0	0.0	0.3	0.04	1.17	0.05	1.14	255633.0	1.1	1143.0	0.0	3.5	29.36	0.0	815864	6843935	0
20210608T1400_CBASS_US_MoteIn_Past_8_30_1140_RNASeq_2kenkel	21596646.0	298.0	13688847.0	63.38	271.91	9703.0	0.0	9392.0	255.0	56.0	0.0	0.33	0.04	1.19	0.06	1.15	209012.0	0.97	2447.0	0.01	3.09	32.55	0.0	667275	7029065	0
20210608T1400_CBASS_US_MoteIn_Past_8_30_180_RNASeq_2kenkel	18852011.0	290.0	14378863.0	76.27	272.5	5624.0	0.0	5436.0	165.0	23.0	0.0	0.24	0.03	1.11	0.05	1.1	339550.0	1.8	1336.0	0.01	2.56	19.36	0.0	482600	3649662	0
20210608T1400_CBASS_US_MoteIn_Past_8_30_360_RNASeq_2kenkel	17715541.0	298.0	12608927.0	71.17	275.11	4208.0	0.0	3958.0	186.0	64.0	0.0	0.25	0.03	1.12	0.05	1.11	135519.0	0.76	274.0	0.0	2.49	25.57	0.0	441103	4529718	0
20210608T1400_CBASS_US_MoteIn_Past_8_30_420_RNASeq_2kenkel	15811703.0	297.0	9573756.0	60.55	279.39	1847.0	0.0	1743.0	104.0	0.0	0.0	0.26	0.03	1.08	0.06	1.06	107246.0	0.68	196.0	0.0	1.92	36.85	0.0	303600	5826905	0
20210608T1400_CBASS_US_MoteIn_Past_8_30_750_RNASeq_2kenkel	18014808.0	297.0	14267581.0	79.2	279.15	2904.0	0.0	2817.0	67.0	20.0	0.0	0.23	0.03	1.09	0.06	1.07	128730.0	0.71	809.0	0.0	1.99	18.09	0.0	358526	3259162	0
20210608T1400_CBASS_US_MoteIn_Past_8_34_1140_RNASeq_2kenkel	34002540.0	298.0	26824750.0	78.89	279.55	4769.0	0.0	4375.0	368.0	26.0	0.0	0.23	0.03	1.09	0.06	1.07	255957.0	0.75	226.0	0.0	1.86	18.5	0.0	632328	6289279	0
20210608T1400_CBASS_US_MoteIn_Past_8_34_180_RNASeq_2kenkel	15774195.0	217.0	10668642.0	67.63	214.8	1839.0	0.0	1783.0	56.0	0.0	0.0	0.21	0.03	1.09	0.05	1.07	1927277.0	12.22	1565.0	0.01	5.1	15.04	0.0	804430	2372281	0
20210608T1400_CBASS_US_MoteIn_Past_8_34_360_RNASeq_2kenkel	16403807.0	298.0	12328039.0	75.15	278.73	3034.0	0.0	2917.0	117.0	0.0	0.0	0.23	0.03	1.09	0.06	1.08	115543.0	0.7	373.0	0.0	2.31	21.83	0.0	378925	3580927	0
20210608T1400_CBASS_US_MoteIn_Past_8_34_420_RNASeq_2kenkel	15969281.0	297.0	11858252.0	74.26	274.99	3925.0	0.0	3776.0	137.0	12.0	0.0	0.25	0.03	1.1	0.05	1.09	120288.0	0.75	1284.0	0.01	2.46	22.52	0.0	392877	3596580	0
20210608T1400_CBASS_US_MoteIn_Past_8_34_750_RNASeq_2kenkel	23554245.0	298.0	18797381.0	79.8	278.27	3646.0	0.0	3427.0	204.0	15.0	0.0	0.23	0.03	1.1	0.05	1.08	165199.0	0.7	725.0	0.0	1.77	17.72	0.0	416930	4174010	0
20210608T1400_CBASS_US_MoteIn_Past_8_37_1140_RNASeq_2kenkel	17799152.0	297.0	7604437.0	42.72	267.33	26278.0	0.0	25879.0	386.0	13.0	0.0	0.41	0.04	1.2	0.06	1.13	140644.0	0.79	7007.0	0.04	5.9	50.54	0.0	1050278	8996786	0
20210608T1400_CBASS_US_MoteIn_Past_8_37_180_RNASeq_2kenkel	15251968.0	292.0	11729153.0	76.9	273.8	8269.0	0.0	8051.0	176.0	42.0	0.0	0.23	0.03	1.09	0.05	1.08	222928.0	1.46	1183.0	0.01	2.69	18.94	0.0	410241	2888463	0
20210608T1400_CBASS_US_MoteIn_Past_8_37_360_RNASeq_2kenkel	15476473.0	297.0	8282727.0	53.52	268.11	18925.0	0.0	18544.0	352.0	29.0	0.0	0.36	0.04	1.19	0.06	1.12	115073.0	0.74	8374.0	0.05	7.49	38.19	0.01	1159040	5909712	1547
20210608T1400_CBASS_US_MoteIn_Past_8_37_420_RNASeq_2kenkel	16887426.0	298.0	7154354.0	42.36	264.15	32490.0	0.0	31880.0	575.0	35.0	0.0	0.44	0.04	1.23	0.06	1.15	115058.0	0.68	10169.0	0.06	7.53	49.36	0.01	1271478	8334679	1689
20210608T1400_CBASS_US_MoteIn_Past_8_37_750_RNASeq_2kenkel	11725039.0	298.0	5751603.0	49.05	268.17	15034.0	0.0	14766.0	242.0	26.0	0.0	0.39	0.04	1.2	0.06	1.15	94498.0	0.81	4093.0	0.03	5.1	45.01	0.0	597919	5276926	0
20210608T1400_CBASS_US_MoteIn_Past_8_39_1140_RNASeq_2kenkel	19711941.0	277.0	985903.0	5.0	82.72	463.0	0.0	463.0	0.0	0.0	0.0	0.46	0.03	1.2	0.04	1.07	632479.0	3.21	753.0	0.0	3.81	87.98	0.0	750992	17341814	0
20210608T1400_CBASS_US_MoteIn_Past_8_39_180_RNASeq_2kenkel	23124244.0	165.0	12619283.0	54.57	147.45	7376.0	0.0	7214.0	162.0	0.0	0.0	0.22	0.03	1.1	0.05	1.07	4522808.0	19.56	4575.0	0.02	7.07	18.78	0.0	1634873	4342705	0
20210608T1400_CBASS_US_MoteIn_Past_8_39_360_RNASeq_2kenkel	14707616.0	296.0	1997130.0	13.58	254.54	15679.0	0.0	15232.0	447.0	0.0	0.0	0.6	0.04	1.42	0.08	1.14	50304.0	0.34	784.0	0.01	7.51	78.56	0.0	1104590	11554808	0
20210608T1400_CBASS_US_MoteIn_Past_8_39_420_RNASeq_2kenkel	20282867.0	295.0	7714719.0	38.04	266.14	57604.0	0.0	57265.0	339.0	0.0	0.0	0.42	0.04	1.24	0.06	1.14	168028.0	0.83	6622.0	0.03	7.87	53.23	0.01	1596086	10795384	2028
20210608T1400_CBASS_US_MoteIn_Past_8_39_750_RNASeq_2kenkel	20923201.0	297.0	2844007.0	13.59	259.42	21511.0	0.0	21327.0	184.0	0.0	0.0	0.61	0.04	1.41	0.08	1.13	52404.0	0.25	4713.0	0.02	6.82	79.31	0.0	1427035	16595042	0
20210608T1400_CBASS_US_MoteIn_Past_8_T0_0_RNASeq_2kenkel	19200008.0	271.0	12991894.0	67.67	256.9	2739.0	0.0	2648.0	62.0	29.0	0.0	0.22	0.03	1.11	0.06	1.09	830035.0	4.32	704.0	0.0	4.93	23.08	0.0	946464	4430911	0
20210608T1400_CBASS_US_MoteIn_Past_8_only_seq_RNASeq_2kenkel	19264602.0	297.0	15191963.0	78.86	275.55	3994.0	0.0	3843.0	109.0	42.0	0.0	0.22	0.03	1.09	0.05	1.07	174420.0	0.91	236.0	0.0	1.77	18.46	0.0	341049	3556934	0
20210608T1400_CBASS_US_MoteIn_Past_9_30_180_RNASeq_2kenkel	20922147.0	284.0	14463517.0	69.13	262.93	4760.0	0.0	4551.0	185.0	24.0	0.0	0.28	0.03	1.13	0.04	1.11	807026.0	3.86	2207.0	0.01	3.18	23.82	0.0	665373	4984024	0
20210608T1400_CBASS_US_MoteIn_Past_9_30_360_RNASeq_2kenkel	16756614.0	296.0	7231551.0	43.16	269.98	2258.0	0.0	2134.0	124.0	0.0	0.0	0.29	0.03	1.17	0.04	1.12	224010.0	1.34	439.0	0.0	5.18	50.33	0.0	867901	8432713	0
20210608T1400_CBASS_US_MoteIn_Past_9_30_420_RNASeq_2kenkel	14378515.0	298.0	9801166.0	68.17	274.02	3795.0	0.0	3659.0	114.0	22.0	0.0	0.29	0.03	1.14	0.04	1.12	338650.0	2.36	713.0	0.0	2.73	26.75	0.0	392459	3845527	0
20210608T1400_CBASS_US_MoteIn_Past_9_30_750_RNASeq_2kenkel	15949853.0	298.0	11984282.0	75.14	275.06	3058.0	0.0	2943.0	93.0	22.0	0.0	0.26	0.03	1.11	0.04	1.1	364234.0	2.28	900.0	0.01	2.08	20.49	0.0	331808	3268629	0
20210608T1400_CBASS_US_MoteIn_Past_9_34_1140_RNASeq_2kenkel	21746642.0	298.0	15492546.0	71.24	273.7	5690.0	0.0	5545.0	103.0	42.0	0.0	0.28	0.03	1.15	0.04	1.12	498668.0	2.29	707.0	0.0	2.43	24.03	0.0	528495	5226226	0
20210608T1400_CBASS_US_MoteIn_Past_9_34_180_RNASeq_2kenkel	17610455.0	282.0	10943174.0	62.14	258.84	7811.0	0.0	7608.0	185.0	18.0	0.0	0.32	0.04	1.17	0.05	1.15	626982.0	3.56	1936.0	0.01	4.15	30.14	0.0	730802	5307561	0
20210608T1400_CBASS_US_MoteIn_Past_9_34_360_RNASeq_2kenkel	18891686.0	298.0	12656116.0	66.99	271.72	7047.0	0.0	6837.0	188.0	22.0	0.0	0.33	0.04	1.14	0.05	1.14	322375.0	1.71	467.0	0.0	3.33	27.96	0.0	629255	5283473	0
20210608T1400_CBASS_US_MoteIn_Past_9_34_420_RNASeq_2kenkel	17031853.0	297.0	9781133.0	57.43	271.83	7293.0	0.0	6997.0	234.0	62.0	0.0	0.37	0.04	1.23	0.05	1.21	284379.0	1.67	1480.0	0.01	3.76	37.13	0.0	640447	6324414	0
20210608T1400_CBASS_US_MoteIn_Past_9_34_750_RNASeq_2kenkel	18110358.0	298.0	12566131.0	69.39	274.52	4933.0	0.0	4728.0	176.0	29.0	0.0	0.29	0.03	1.13	0.04	1.11	378214.0	2.09	220.0	0.0	2.88	25.64	0.0	521651	4644142	0
20210608T1400_CBASS_US_MoteIn_Past_9_37_1140_RNASeq_2kenkel	19345166.0	296.0	11309288.0	58.46	270.75	10827.0	0.0	10655.0	162.0	10.0	0.0	0.33	0.03	1.12	0.04	1.09	380830.0	1.97	1695.0	0.01	5.05	34.51	0.0	976983	6676370	0
20210608T1400_CBASS_US_MoteIn_Past_9_37_180_RNASeq_2kenkel	17478240.0	290.0	12746510.0	72.93	268.05	7127.0	0.0	6940.0	164.0	23.0	0.0	0.27	0.03	1.1	0.04	1.08	561360.0	3.21	846.0	0.0	3.17	20.69	0.0	553956	3615568	0
20210608T1400_CBASS_US_MoteIn_Past_9_37_360_RNASeq_2kenkel	17728115.0	298.0	11718609.0	66.1	268.52	14507.0	0.0	14175.0	304.0	28.0	0.0	0.32	0.03	1.16	0.05	1.1	339646.0	1.92	3783.0	0.02	3.94	28.01	0.0	698727	4967350	0
20210608T1400_CBASS_US_MoteIn_Past_9_37_420_RNASeq_2kenkel	13321946.0	297.0	6819639.0	51.19	264.56	13577.0	0.0	13196.0	363.0	18.0	0.0	0.43	0.04	1.21	0.06	1.14	217837.0	1.64	2998.0	0.02	6.99	40.16	0.0	931230	5350242	0
20210608T1400_CBASS_US_MoteIn_Past_9_37_750_RNASeq_2kenkel	20346457.0	298.0	9901026.0	48.66	264.31	24289.0	0.0	23580.0	673.0	36.0	0.0	0.47	0.05	1.24	0.07	1.17	268312.0	1.32	1157.0	0.01	6.6	43.41	0.0	1342958	8833004	0
20210608T1400_CBASS_US_MoteIn_Past_9_39_1140_RNASeq_2kenkel	19824934.0	234.0	2967629.0	14.97	45.64	242.0	0.0	206.0	36.0	0.0	0.0	1.31	0.0	1.02	0.0	1.02	1854023.0	9.35	849.0	0.0	21.76	53.91	0.0	4314166	10688267	0
20210608T1400_CBASS_US_MoteIn_Past_9_39_180_RNASeq_2kenkel	20474542.0	196.0	9892611.0	48.32	162.45	9332.0	0.0	9239.0	93.0	0.0	0.0	0.31	0.03	1.16	0.04	1.11	3200632.0	15.63	3187.0	0.02	6.6	29.44	0.0	1351153	6026959	0
20210608T1400_CBASS_US_MoteIn_Past_9_39_360_RNASeq_2kenkel	15241762.0	297.0	619427.0	4.06	205.78	3370.0	0.0	3369.0	1.0	0.0	0.0	1.2	0.03	1.45	0.05	1.18	34034.0	0.22	392.0	0.0	7.22	88.48	0.0	1100572	13487337	0
20210608T1400_CBASS_US_MoteIn_Past_9_39_420_RNASeq_2kenkel	8964352.0	285.0	308380.0	3.44	101.21	1024.0	0.0	1024.0	0.0	0.0	0.0	1.09	0.03	1.2	0.04	1.17	129176.0	1.44	101.0	0.0	9.41	85.71	0.0	843526	7683169	0
20210608T1400_CBASS_US_MoteIn_Past_9_39_750_RNASeq_2kenkel	19635925.0	297.0	582279.0	2.97	249.37	2262.0	0.0	2054.0	208.0	0.0	0.0	0.69	0.05	1.48	0.08	1.16	21917.0	0.11	544.0	0.0	2.94	93.98	0.0	577298	18453887	0
20210608T1400_CBASS_US_MoteIn_Past_9_T0_0_RNASeq_2kenkel	20652251.0	294.0	10458144.0	50.64	267.4	15775.0	0.0	15547.0	186.0	42.0	0.0	0.39	0.05	1.26	0.05	1.24	414338.0	2.01	1496.0	0.01	4.33	43.02	0.0	894191	8884082	0
20210608T1400_CBASS_US_MoteIn_Past_9_only_seq_RNASeq_2kenkel	16631475.0	295.0	11194611.0	67.31	266.57	4665.0	0.0	4522.0	112.0	31.0	0.0	0.32	0.04	1.11	0.04	1.13	353254.0	2.12	590.0	0.0	3.31	27.25	0.0	550550	4532470	0
20210610T1400_CBASS_US_MoteOff_Past_1_30_1140_RNASeq_2kenkel	21792183.0	270.0	13491807.0	61.91	252.78	2043.0	0.0	1944.0	99.0	0.0	0.0	0.25	0.03	1.11	0.05	1.08	1135031.0	5.21	1085.0	0.0	2.62	30.26	0.0	570875	6593385	0
20210610T1400_CBASS_US_MoteOff_Past_1_30_180_RNASeq_2kenkel	13805031.0	297.0	10566978.0	76.54	275.63	4320.0	0.0	4083.0	193.0	44.0	0.0	0.27	0.03	1.14	0.05	1.1	247429.0	1.79	1281.0	0.01	2.15	19.51	0.0	296726	2692617	0
20210610T1400_CBASS_US_MoteOff_Past_1_30_360_RNASeq_2kenkel	22662798.0	273.0	11377562.0	50.2	250.93	3870.0	0.0	3471.0	399.0	0.0	0.0	0.25	0.03	1.14	0.05	1.09	983572.0	4.34	697.0	0.0	3.95	41.5	0.0	895244	9405723	0
20210610T1400_CBASS_US_MoteOff_Past_1_30_420_RNASeq_2kenkel	10659639.0	296.0	6871845.0	64.47	276.24	1319.0	0.0	1319.0	0.0	0.0	0.0	0.26	0.03	1.08	0.05	1.08	194366.0	1.82	456.0	0.0	2.27	31.44	0.0	241947	3351025	0
20210610T1400_CBASS_US_MoteOff_Past_1_30_750_RNASeq_2kenkel	21945519.0	252.0	8907429.0	40.59	219.48	1378.0	0.0	1373.0	5.0	0.0	0.0	0.23	0.02	1.09	0.05	1.07	1648468.0	7.51	2288.0	0.01	3.98	47.91	0.0	873417	10513917	0
20210610T1400_CBASS_US_MoteOff_Past_1_34_1140_RNASeq_2kenkel	22984834.0	289.0	17525201.0	76.25	269.24	5503.0	0.0	5147.0	333.0	23.0	0.0	0.26	0.03	1.12	0.05	1.11	668587.0	2.91	822.0	0.0	2.66	18.18	0.0	611420	4178804	0
20210610T1400_CBASS_US_MoteOff_Past_1_34_180_RNASeq_2kenkel	15609334.0	288.0	10612140.0	67.99	270.45	3543.0	0.0	3542.0	1.0	0.0	0.0	0.24	0.03	1.1	0.04	1.07	423502.0	2.71	1456.0	0.01	2.69	26.61	0.0	419772	4152464	0
20210610T1400_CBASS_US_MoteOff_Past_1_34_360_RNASeq_2kenkel	18578119.0	269.0	6332502.0	34.09	235.24	829.0	0.0	749.0	80.0	0.0	0.0	0.24	0.03	1.12	0.05	1.07	831422.0	4.48	561.0	0.0	3.1	58.34	0.0	575883	10837751	0
20210610T1400_CBASS_US_MoteOff_Past_1_34_420_RNASeq_2kenkel	22627698.0	295.0	3267997.0	14.44	267.06	43.0	0.0	43.0	0.0	0.0	0.0	0.28	0.02	1.13	0.05	1.07	132255.0	0.58	119.0	0.0	4.88	80.09	0.0	1104265	18123062	0
20210610T1400_CBASS_US_MoteOff_Past_1_34_750_RNASeq_2kenkel	16340463.0	285.0	11846692.0	72.5	269.22	1544.0	0.0	1480.0	64.0	0.0	0.0	0.27	0.03	1.1	0.05	1.07	598407.0	3.66	524.0	0.0	3.0	20.83	0.0	490328	3404512	0
20210610T1400_CBASS_US_MoteOff_Past_1_37_1140_RNASeq_2kenkel	14990154.0	272.0	8050464.0	53.71	242.82	17514.0	0.0	17009.0	497.0	8.0	0.0	0.42	0.04	1.17	0.06	1.16	745497.0	4.97	2768.0	0.02	5.9	35.4	0.0	884489	5306936	0
20210610T1400_CBASS_US_MoteOff_Past_1_37_180_RNASeq_2kenkel	20726039.0	270.0	10869459.0	52.44	245.36	4097.0	0.0	4095.0	2.0	0.0	0.0	0.3	0.03	1.12	0.05	1.07	1088655.0	5.25	2249.0	0.01	9.08	33.21	0.0	1882060	6883616	0
20210610T1400_CBASS_US_MoteOff_Past_1_37_360_RNASeq_2kenkel	13526180.0	289.0	7041787.0	52.06	267.9	3056.0	0.0	2987.0	69.0	0.0	0.0	0.26	0.02	1.11	0.05	1.08	318454.0	2.35	369.0	0.0	3.53	42.05	0.0	477500	5688070	0
20210610T1400_CBASS_US_MoteOff_Past_1_37_420_RNASeq_2kenkel	17553743.0	297.0	10886589.0	62.02	271.97	16707.0	0.0	16458.0	225.0	24.0	0.0	0.32	0.03	1.13	0.05	1.1	265644.0	1.51	1669.0	0.01	3.5	32.96	0.0	614357	5785484	0
20210610T1400_CBASS_US_MoteOff_Past_1_37_750_RNASeq_2kenkel	16834804.0	291.0	10367811.0	61.59	265.18	17383.0	0.0	16914.0	440.0	29.0	0.0	0.35	0.03	1.15	0.05	1.12	447242.0	2.66	3797.0	0.02	4.2	31.53	0.0	707165	5308789	0
20210610T1400_CBASS_US_MoteOff_Past_1_39_1140_RNASeq_2kenkel	16301606.0	242.0	5431322.0	33.32	176.12	23939.0	0.0	23613.0	303.0	23.0	0.0	0.53	0.04	1.24	0.06	1.17	1402331.0	8.6	2875.0	0.02	8.89	49.18	0.0	1449019	8016059	0
20210610T1400_CBASS_US_MoteOff_Past_1_39_180_RNASeq_2kenkel	15036657.0	285.0	10654915.0	70.86	264.87	13768.0	0.0	13690.0	78.0	0.0	0.0	0.27	0.03	1.12	0.05	1.08	416141.0	2.77	786.0	0.01	3.29	23.07	0.0	494850	3469965	0
20210610T1400_CBASS_US_MoteOff_Past_1_39_360_RNASeq_2kenkel	13159193.0	296.0	5953158.0	45.24	264.42	57021.0	0.0	56640.0	380.0	1.0	0.0	0.47	0.04	1.24	0.06	1.17	160303.0	1.22	3139.0	0.02	6.99	46.52	0.0	919972	6122621	0
20210610T1400_CBASS_US_MoteOff_Past_1_39_420_RNASeq_2kenkel	15469588.0	295.0	7800787.0	50.43	265.05	56160.0	0.0	55570.0	550.0	40.0	0.0	0.49	0.04	1.27	0.06	1.18	262708.0	1.7	8860.0	0.06	6.34	41.47	0.01	980729	6414957	1547
20210610T1400_CBASS_US_MoteOff_Past_1_39_750_RNASeq_2kenkel	28631463.0	213.0	8907017.0	31.11	133.4	38176.0	0.0	38174.0	2.0	0.0	0.0	0.46	0.03	1.35	0.05	1.19	3615512.0	12.63	6050.0	0.02	10.37	45.87	0.0	2969184	13133700	0
20210610T1400_CBASS_US_MoteOff_Past_1_T0_0_RNASeq_2kenkel	16768083.0	294.0	11905015.0	71.0	273.61	4018.0	0.0	3853.0	109.0	56.0	0.0	0.25	0.03	1.14	0.05	1.09	299995.0	1.79	522.0	0.0	2.3	24.91	0.0	385662	4176889	0
20210610T1400_CBASS_US_MoteOff_Past_1_only_seq_RNASeq_2kenkel	19504136.0	292.0	6783723.0	34.78	267.18	2707.0	0.0	2676.0	8.0	23.0	0.0	0.28	0.03	1.14	0.05	1.08	355759.0	1.82	648.0	0.0	1.76	61.63	0.0	343282	12020724	0
20210610T1400_CBASS_US_MoteOff_Past_2_30_1140_RNASeq_2kenkel	21061456.0	294.0	14850718.0	70.51	269.94	7034.0	0.0	6519.0	492.0	23.0	0.0	0.3	0.04	1.16	0.06	1.14	413464.0	1.96	2211.0	0.01	3.17	24.34	0.0	667770	5127293	0
20210610T1400_CBASS_US_MoteOff_Past_2_30_180_RNASeq_2kenkel	18719604.0	297.0	11674608.0	62.37	272.51	10163.0	0.0	9812.0	318.0	33.0	0.0	0.34	0.04	1.23	0.06	1.17	286218.0	1.53	6412.0	0.03	3.59	32.48	0.01	671868	6078627	1871
20210610T1400_CBASS_US_MoteOff_Past_2_30_360_RNASeq_2kenkel	18351108.0	280.0	9814893.0	53.48	259.61	3331.0	0.0	3115.0	216.0	0.0	0.0	0.28	0.03	1.23	0.05	1.13	606610.0	3.31	3717.0	0.02	3.51	39.67	0.01	644128	7279925	1835
20210610T1400_CBASS_US_MoteOff_Past_2_30_420_RNASeq_2kenkel	17231478.0	298.0	12614109.0	73.2	276.32	1638.0	0.0	1494.0	128.0	16.0	0.0	0.24	0.03	1.11	0.05	1.07	246646.0	1.43	288.0	0.0	1.74	23.63	0.0	299746	4070689	0
20210610T1400_CBASS_US_MoteOff_Past_2_30_750_RNASeq_2kenkel	20657961.0	292.0	13324312.0	64.5	270.8	5077.0	0.0	4812.0	250.0	15.0	0.0	0.29	0.04	1.17	0.05	1.12	430392.0	2.08	3166.0	0.02	2.51	30.89	0.0	518540	6381551	0
20210610T1400_CBASS_US_MoteOff_Past_2_34_1140_RNASeq_2kenkel	15401067.0	278.0	11173408.0	72.55	258.77	2867.0	0.0	2699.0	156.0	12.0	0.0	0.31	0.03	1.15	0.05	1.11	627421.0	4.07	1427.0	0.01	3.52	19.85	0.0	542055	3056756	0
20210610T1400_CBASS_US_MoteOff_Past_2_34_180_RNASeq_2kenkel	16969560.0	296.0	11484675.0	67.68	273.13	11742.0	0.0	11414.0	300.0	28.0	0.0	0.33	0.04	1.25	0.05	1.15	277101.0	1.63	7173.0	0.04	3.48	27.16	0.01	590477	4608437	1697
20210610T1400_CBASS_US_MoteOff_Past_2_34_360_RNASeq_2kenkel	20981448.0	267.0	9865689.0	47.02	243.33	1738.0	0.0	1684.0	54.0	0.0	0.0	0.22	0.03	1.12	0.05	1.07	1048148.0	5.0	976.0	0.0	3.44	44.54	0.0	721743	9344892	0
20210610T1400_CBASS_US_MoteOff_Past_2_34_420_RNASeq_2kenkel	18603161.0	298.0	12803027.0	68.82	274.04	3221.0	0.0	2983.0	193.0	45.0	0.0	0.26	0.03	1.13	0.05	1.09	239553.0	1.29	1498.0	0.01	2.21	27.68	0.0	411026	5148057	0
20210610T1400_CBASS_US_MoteOff_Past_2_34_750_RNASeq_2kenkel	15668703.0	297.0	11724971.0	74.83	273.4	4253.0	0.0	4003.0	234.0	16.0	0.0	0.28	0.03	1.14	0.05	1.11	259129.0	1.65	1076.0	0.01	2.62	20.89	0.0	410499	3273028	0
20210610T1400_CBASS_US_MoteOff_Past_2_37_1140_RNASeq_2kenkel	13953341.0	278.0	8094762.0	58.01	251.35	18586.0	0.0	18065.0	519.0	2.0	0.0	0.42	0.04	1.42	0.06	1.13	567578.0	4.07	2845.0	0.02	5.32	32.57	0.0	742491	4545665	0
20210610T1400_CBASS_US_MoteOff_Past_2_37_180_RNASeq_2kenkel	17701631.0	280.0	11443395.0	64.65	260.41	3485.0	0.0	3484.0	1.0	0.0	0.0	0.25	0.03	1.18	0.05	1.07	666768.0	3.77	3277.0	0.02	4.41	27.16	0.0	780612	4807579	0
20210610T1400_CBASS_US_MoteOff_Past_2_37_360_RNASeq_2kenkel	12824909.0	297.0	9564011.0	74.57	273.66	5377.0	0.0	5184.0	193.0	0.0	0.0	0.25	0.03	1.17	0.05	1.08	185748.0	1.45	648.0	0.01	2.55	21.42	0.0	327075	2747427	0
20210610T1400_CBASS_US_MoteOff_Past_2_37_420_RNASeq_2kenkel	15337004.0	297.0	9002675.0	58.7	273.79	10249.0	0.0	10178.0	71.0	0.0	0.0	0.28	0.03	1.23	0.06	1.09	192825.0	1.26	1819.0	0.01	2.83	37.21	0.0	433949	5705736	0
20210610T1400_CBASS_US_MoteOff_Past_2_37_750_RNASeq_2kenkel	24936919.0	282.0	16196463.0	64.95	261.9	17119.0	0.0	16732.0	387.0	0.0	0.0	0.28	0.03	1.23	0.05	1.09	913229.0	3.66	2807.0	0.01	3.59	27.79	0.0	895146	6929274	0
20210610T1400_CBASS_US_MoteOff_Past_2_39_1140_RNASeq_2kenkel	16292462.0	253.0	4775809.0	29.31	186.24	22826.0	0.0	22440.0	345.0	41.0	0.0	0.6	0.09	2.73	0.08	1.12	1140412.0	7.0	4219.0	0.03	7.46	56.2	0.0	1215446	9156576	0
20210610T1400_CBASS_US_MoteOff_Past_2_39_180_RNASeq_2kenkel	19972379.0	266.0	14589754.0	73.05	240.3	12614.0	0.0	12456.0	143.0	15.0	0.0	0.33	0.03	1.17	0.05	1.09	604182.0	3.03	2146.0	0.01	3.42	20.5	0.0	682899	4093398	0
20210610T1400_CBASS_US_MoteOff_Past_2_39_360_RNASeq_2kenkel	14446567.0	295.0	7689889.0	53.23	270.92	21649.0	0.0	20825.0	824.0	0.0	0.0	0.37	0.04	1.54	0.06	1.09	215564.0	1.49	4167.0	0.03	5.95	39.3	0.0	859554	5677393	0
20210610T1400_CBASS_US_MoteOff_Past_2_39_420_RNASeq_2kenkel	20088123.0	294.0	11240638.0	55.96	264.4	64006.0	0.0	63363.0	565.0	78.0	0.0	0.44	0.05	1.72	0.07	1.13	377094.0	1.88	8921.0	0.04	6.1	36.02	0.01	1225136	7234326	2008
20210610T1400_CBASS_US_MoteOff_Past_2_39_750_RNASeq_2kenkel	23115899.0	259.0	8736178.0	37.79	213.04	65771.0	0.0	65138.0	571.0	62.0	0.0	0.6	0.1	2.75	0.08	1.13	1459359.0	6.31	10403.0	0.05	9.0	46.85	0.0	2080387	10829572	0
20210610T1400_CBASS_US_MoteOff_Past_2_T0_0_RNASeq_2kenkel	22034826.0	274.0	11326751.0	51.4	255.9	2696.0	0.0	2416.0	279.0	1.0	0.0	0.24	0.02	1.09	0.05	1.07	991553.0	4.5	420.0	0.0	4.63	39.46	0.0	1020312	8695790	0
20210610T1400_CBASS_US_MoteOff_Past_2_only_seq_RNASeq_2kenkel	19195913.0	295.0	10959460.0	57.09	271.84	10343.0	0.0	9887.0	424.0	32.0	0.0	0.35	0.04	1.25	0.05	1.17	287552.0	1.5	6709.0	0.03	3.51	37.86	0.0	673848	7268344	0
20210610T1400_CBASS_US_MoteOff_Past_3_30_1140_RNASeq_2kenkel	19514618.0	265.0	14740816.0	75.54	252.65	3257.0	0.0	3137.0	112.0	8.0	0.0	0.22	0.03	1.11	0.05	1.08	1160223.0	5.95	1613.0	0.01	3.0	15.51	0.0	585408	3026558	0
20210610T1400_CBASS_US_MoteOff_Past_3_30_360_RNASeq_2kenkel	20168863.0	240.0	9460666.0	46.91	212.51	2531.0	0.0	2528.0	3.0	0.0	0.0	0.24	0.03	1.16	0.05	1.1	1777184.0	8.81	1867.0	0.01	5.28	38.99	0.0	1064963	7864183	0
20210610T1400_CBASS_US_MoteOff_Past_3_30_420_RNASeq_2kenkel	15724130.0	298.0	8859868.0	56.35	272.79	5297.0	0.0	5076.0	198.0	23.0	0.0	0.37	0.05	1.24	0.05	1.17	191719.0	1.22	928.0	0.01	3.45	38.98	0.0	542472	6129143	0
20210610T1400_CBASS_US_MoteOff_Past_3_30_750_RNASeq_2kenkel	17913237.0	285.0	7987529.0	44.59	262.6	1260.0	0.0	1225.0	7.0	28.0	0.0	0.25	0.03	1.1	0.04	1.07	543007.0	3.03	545.0	0.0	2.24	50.14	0.0	401222	8980934	0
20210610T1400_CBASS_US_MoteOff_Past_3_34_1140_RNASeq_2kenkel	14849846.0	259.0	10635593.0	71.62	245.71	3032.0	0.0	2866.0	128.0	38.0	0.0	0.29	0.03	1.13	0.05	1.1	995624.0	6.7	1485.0	0.01	4.66	17.0	0.0	692146	2524998	0
20210610T1400_CBASS_US_MoteOff_Past_3_34_180_RNASeq_2kenkel	19643297.0	263.0	11785840.0	60.0	245.9	5301.0	0.0	5141.0	160.0	0.0	0.0	0.27	0.03	1.17	0.05	1.1	1190719.0	6.06	3547.0	0.02	4.31	29.61	0.0	846650	5816541	0
20210610T1400_CBASS_US_MoteOff_Past_3_34_360_RNASeq_2kenkel	14453092.0	288.0	10064408.0	69.63	270.05	3803.0	0.0	3703.0	91.0	9.0	0.0	0.26	0.03	1.16	0.05	1.1	397327.0	2.75	5443.0	0.04	2.97	24.61	0.0	429230	3556684	0
20210610T1400_CBASS_US_MoteOff_Past_3_34_420_RNASeq_2kenkel	19218249.0	297.0	9706451.0	50.51	276.15	1752.0	0.0	1652.0	100.0	0.0	0.0	0.26	0.03	1.12	0.05	1.09	178976.0	0.93	451.0	0.0	1.96	46.6	0.0	376677	8955694	0
20210610T1400_CBASS_US_MoteOff_Past_3_34_750_RNASeq_2kenkel	12785275.0	244.0	6255488.0	48.93	222.66	561.0	0.0	554.0	7.0	0.0	0.0	0.23	0.02	1.11	0.05	1.08	1084113.0	8.48	1637.0	0.01	5.58	37.0	0.0	713427	4730610	0
20210610T1400_CBASS_US_MoteOff_Past_3_37_1140_RNASeq_2kenkel	15410066.0	261.0	8479726.0	55.03	232.59	18043.0	0.0	17673.0	355.0	15.0	0.0	0.43	0.04	1.2	0.06	1.14	981268.0	6.37	4046.0	0.03	6.81	31.77	0.0	1049394	4895632	0
20210610T1400_CBASS_US_MoteOff_Past_3_37_180_RNASeq_2kenkel	15594077.0	297.0	9073496.0	58.19	270.76	30938.0	0.0	30604.0	293.0	41.0	0.0	0.39	0.04	1.22	0.06	1.15	192528.0	1.23	6918.0	0.04	5.6	34.93	0.0	873387	5447748	0
20210610T1400_CBASS_US_MoteOff_Past_3_37_360_RNASeq_2kenkel	14286864.0	297.0	9703234.0	67.92	274.29	5913.0	0.0	5869.0	44.0	0.0	0.0	0.26	0.03	1.13	0.05	1.08	223633.0	1.57	995.0	0.01	2.95	27.56	0.0	421470	3937532	0
20210610T1400_CBASS_US_MoteOff_Past_3_37_420_RNASeq_2kenkel	23375774.0	162.0	9467231.0	40.5	125.12	1320.0	0.0	1312.0	8.0	0.0	0.0	0.21	0.02	1.12	0.05	1.07	5574395.0	23.85	11066.0	0.05	15.4	20.21	0.0	3599423	4723659	0
20210610T1400_CBASS_US_MoteOff_Past_3_37_750_RNASeq_2kenkel	20460950.0	291.0	12675870.0	61.95	267.66	15738.0	0.0	15557.0	157.0	24.0	0.0	0.32	0.03	1.17	0.05	1.11	510633.0	2.5	2391.0	0.01	4.16	31.38	0.0	851203	6420853	0
20210610T1400_CBASS_US_MoteOff_Past_3_39_1140_RNASeq_2kenkel	18852359.0	266.0	6891032.0	36.55	215.54	35619.0	0.0	35196.0	380.0	43.0	0.0	0.52	0.04	1.25	0.06	1.14	1005804.0	5.34	3375.0	0.02	9.64	48.45	0.0	1817502	9134646	0
20210610T1400_CBASS_US_MoteOff_Past_3_39_180_RNASeq_2kenkel	15288382.0	292.0	8617614.0	56.37	269.49	26920.0	0.0	26425.0	463.0	32.0	0.0	0.39	0.04	1.27	0.06	1.14	264158.0	1.73	13988.0	0.09	6.15	35.65	0.01	940316	5450777	1529
20210610T1400_CBASS_US_MoteOff_Past_3_39_360_RNASeq_2kenkel	14507656.0	295.0	4938962.0	34.04	260.3	42558.0	0.0	42554.0	4.0	0.0	0.0	0.52	0.04	1.31	0.08	1.14	128407.0	0.89	858.0	0.01	8.78	56.28	0.0	1273873	8165556	0
20210610T1400_CBASS_US_MoteOff_Past_3_39_420_RNASeq_2kenkel	21959056.0	290.0	10064632.0	45.83	254.65	80630.0	0.0	80192.0	429.0	9.0	0.0	0.48	0.04	1.28	0.08	1.15	471999.0	2.15	2239.0	0.01	7.33	44.67	0.0	1609807	9810379	0
20210610T1400_CBASS_US_MoteOff_Past_3_39_750_RNASeq_2kenkel	32670188.0	72.0	16249197.0	49.74	31.99	1733.0	0.0	1635.0	98.0	0.0	0.0	0.19	0.0	1.32	0.01	1.17	10468967.0	32.04	8665.0	0.03	10.74	7.46	0.0	3507235	2436124	0
20210610T1400_CBASS_US_MoteOff_Past_3_T0_0_RNASeq_2kenkel	19206708.0	296.0	14330494.0	74.61	273.63	3006.0	0.0	2804.0	202.0	0.0	0.0	0.25	0.03	1.12	0.05	1.08	348961.0	1.82	1874.0	0.01	2.09	21.47	0.0	401445	4123934	0
20210610T1400_CBASS_US_MoteOff_Past_3_only_seq_RNASeq_2kenkel	19731263.0	297.0	11966835.0	60.65	274.45	8304.0	0.0	8189.0	115.0	0.0	0.0	0.28	0.04	1.15	0.05	1.12	310127.0	1.57	930.0	0.0	2.74	35.03	0.0	540700	6912671	0
20210610T1400_CBASS_US_MoteOff_Past_4_30_1140_RNASeq_2kenkel	26520922.0	281.0	19011237.0	71.68	263.02	5033.0	0.0	4816.0	196.0	21.0	0.0	0.26	0.03	1.15	0.06	1.1	829208.0	3.13	1273.0	0.0	2.93	22.25	0.0	777207	5901997	0
20210610T1400_CBASS_US_MoteOff_Past_4_30_180_RNASeq_2kenkel	17882227.0	297.0	13825592.0	77.31	275.87	4713.0	0.0	4554.0	121.0	38.0	0.0	0.24	0.03	1.14	0.05	1.09	157858.0	0.88	3238.0	0.02	2.1	19.68	0.0	375603	3519936	0
20210610T1400_CBASS_US_MoteOff_Past_4_30_360_RNASeq_2kenkel	17621445.0	258.0	9720145.0	55.16	239.08	1929.0	0.0	1890.0	38.0	1.0	0.0	0.24	0.03	1.14	0.05	1.08	1063460.0	6.04	1113.0	0.01	4.14	34.66	0.0	729486	6107241	0
20210610T1400_CBASS_US_MoteOff_Past_4_30_420_RNASeq_2kenkel	12058287.0	298.0	6341138.0	52.59	275.81	1413.0	0.0	1255.0	134.0	24.0	0.0	0.25	0.03	1.14	0.06	1.08	68922.0	0.57	212.0	0.0	1.58	45.26	0.0	190518	5457497	0
20210610T1400_CBASS_US_MoteOff_Past_4_30_750_RNASeq_2kenkel	14743883.0	295.0	10825756.0	73.43	272.76	2879.0	0.0	2706.0	156.0	17.0	0.0	0.27	0.03	1.16	0.06	1.1	167944.0	1.14	435.0	0.0	2.64	22.8	0.0	389125	3360623	0
20210610T1400_CBASS_US_MoteOff_Past_4_34_1140_RNASeq_2kenkel	15093678.0	253.0	11323533.0	75.02	243.99	1737.0	0.0	1648.0	77.0	12.0	0.0	0.27	0.03	1.11	0.05	1.08	1051739.0	6.97	1089.0	0.01	3.78	14.23	0.0	570320	2146997	0
20210610T1400_CBASS_US_MoteOff_Past_4_34_180_RNASeq_2kenkel	14825340.0	295.0	10932726.0	73.74	274.23	4476.0	0.0	4411.0	64.0	1.0	0.0	0.24	0.03	1.13	0.06	1.08	170387.0	1.15	1967.0	0.01	2.39	22.7	0.0	354381	3365879	0
20210610T1400_CBASS_US_MoteOff_Past_4_34_360_RNASeq_2kenkel	15350048.0	296.0	9015871.0	58.74	275.24	1127.0	0.0	990.0	137.0	0.0	0.0	0.24	0.03	1.16	0.06	1.08	124277.0	0.81	672.0	0.0	2.51	37.94	0.0	385294	5823934	0
20210610T1400_CBASS_US_MoteOff_Past_4_34_420_RNASeq_2kenkel	18683671.0	296.0	3840965.0	20.56	274.13	338.0	0.0	338.0	0.0	0.0	0.0	0.25	0.03	1.14	0.06	1.09	62363.0	0.33	523.0	0.0	1.6	77.51	0.0	298922	14480898	0
20210610T1400_CBASS_US_MoteOff_Past_4_34_750_RNASeq_2kenkel	16657303.0	294.0	12326928.0	74.0	273.79	3536.0	0.0	3403.0	112.0	21.0	0.0	0.26	0.03	1.13	0.06	1.08	220415.0	1.32	661.0	0.0	2.3	22.37	0.0	383113	3726186	0
20210610T1400_CBASS_US_MoteOff_Past_4_37_1140_RNASeq_2kenkel	18139145.0	257.0	7877003.0	43.43	217.96	13622.0	0.0	13436.0	177.0	9.0	0.0	0.43	0.03	1.19	0.07	1.11	1202021.0	6.63	2389.0	0.01	7.25	42.68	0.0	1315212	7742520	0
20210610T1400_CBASS_US_MoteOff_Past_4_37_180_RNASeq_2kenkel	19427153.0	271.0	10601276.0	54.57	246.0	3601.0	0.0	3566.0	35.0	0.0	0.0	0.22	0.02	1.12	0.06	1.07	650671.0	3.35	1456.0	0.01	2.57	39.5	0.0	499323	7674427	0
20210610T1400_CBASS_US_MoteOff_Past_4_37_360_RNASeq_2kenkel	19342535.0	297.0	12632547.0	65.31	272.27	23407.0	0.0	23153.0	242.0	12.0	0.0	0.33	0.03	1.12	0.06	1.09	170421.0	0.88	1764.0	0.01	4.57	29.23	0.0	883957	5653846	0
20210610T1400_CBASS_US_MoteOff_Past_4_37_420_RNASeq_2kenkel	17664361.0	293.0	10480935.0	59.33	269.01	14938.0	0.0	14731.0	166.0	41.0	0.0	0.32	0.03	1.18	0.06	1.09	285511.0	1.62	4520.0	0.03	3.92	35.11	0.0	692342	6201053	0
20210610T1400_CBASS_US_MoteOff_Past_4_37_750_RNASeq_2kenkel	18459025.0	271.0	10321120.0	55.91	250.77	9717.0	0.0	9473.0	243.0	1.0	0.0	0.28	0.03	1.14	0.06	1.09	819363.0	4.44	2399.0	0.01	5.31	34.32	0.0	980286	6335857	0
20210610T1400_CBASS_US_MoteOff_Past_4_39_1140_RNASeq_2kenkel	18035413.0	186.0	5312591.0	29.46	70.55	6723.0	0.0	6692.0	31.0	0.0	0.0	0.44	0.03	1.26	0.04	1.14	2973069.0	16.48	3123.0	0.02	7.32	46.72	0.0	1320232	8426398	0
20210610T1400_CBASS_US_MoteOff_Past_4_39_180_RNASeq_2kenkel	16603124.0	271.0	9563782.0	57.6	251.81	6347.0	0.0	6056.0	291.0	0.0	0.0	0.26	0.03	1.13	0.06	1.07	680601.0	4.1	1634.0	0.01	7.53	30.76	0.0	1250170	5106937	0
20210610T1400_CBASS_US_MoteOff_Past_4_39_360_RNASeq_2kenkel	17055562.0	297.0	8016256.0	47.0	267.32	64256.0	0.0	63881.0	356.0	19.0	0.0	0.49	0.04	1.25	0.07	1.13	148905.0	0.87	14747.0	0.09	8.35	43.68	0.01	1424130	7449819	1706
20210610T1400_CBASS_US_MoteOff_Past_4_39_420_RNASeq_2kenkel	20975136.0	210.0	7742720.0	36.91	152.15	52468.0	0.0	52162.0	305.0	1.0	0.0	0.57	0.04	1.32	0.06	1.2	2840904.0	13.54	8690.0	0.04	10.58	38.92	0.0	2219197	8163625	0
20210610T1400_CBASS_US_MoteOff_Past_4_39_750_RNASeq_2kenkel	37617202.0	90.0	18141330.0	48.23	43.81	8896.0	0.0	8744.0	152.0	0.0	0.0	0.29	0.02	1.28	0.02	1.13	11103686.0	29.52	10724.0	0.03	11.21	11.01	0.0	4218361	4143101	0
20210610T1400_CBASS_US_MoteOff_Past_4_T0_0_RNASeq_2kenkel	13286543.0	297.0	9784470.0	73.64	275.15	3204.0	0.0	3069.0	89.0	46.0	0.0	0.25	0.03	1.14	0.05	1.09	119928.0	0.9	1612.0	0.01	2.15	23.29	0.0	285698	3094835	0
20210610T1400_CBASS_US_MoteOff_Past_4_only_seq_RNASeq_2kenkel	18729364.0	295.0	12998829.0	69.4	272.7	3400.0	0.0	3287.0	82.0	31.0	0.0	0.26	0.03	1.14	0.06	1.08	207632.0	1.11	661.0	0.0	2.92	26.56	0.0	546979	4975263	0
20210610T1400_CBASS_US_MoteOff_Past_5_30_1140_RNASeq_2kenkel	24938396.0	281.0	19762164.0	79.24	264.99	3794.0	0.0	3597.0	155.0	42.0	0.0	0.23	0.03	1.11	0.06	1.08	779458.0	3.13	1039.0	0.0	2.39	15.24	0.0	595905	3799830	0
20210610T1400_CBASS_US_MoteOff_Past_5_30_360_RNASeq_2kenkel	20316905.0	294.0	11599003.0	57.09	272.75	6505.0	0.0	6328.0	177.0	0.0	0.0	0.29	0.04	1.22	0.05	1.14	214106.0	1.05	2088.0	0.01	3.08	38.77	0.0	625693	7876015	0
20210610T1400_CBASS_US_MoteOff_Past_5_30_420_RNASeq_2kenkel	14680641.0	298.0	9673637.0	65.89	273.36	5144.0	0.0	4982.0	122.0	40.0	0.0	0.32	0.03	1.21	0.06	1.14	123911.0	0.84	246.0	0.0	2.98	30.28	0.0	437489	4445358	0
20210610T1400_CBASS_US_MoteOff_Past_5_30_750_RNASeq_2kenkel	11376536.0	295.0	9005117.0	79.16	275.31	1915.0	0.0	1844.0	60.0	11.0	0.0	0.26	0.03	1.12	0.06	1.09	129672.0	1.14	400.0	0.0	2.19	17.51	0.0	249165	1992182	0
20210610T1400_CBASS_US_MoteOff_Past_5_34_1140_RNASeq_2kenkel	20183770.0	290.0	7185209.0	35.6	266.87	1695.0	0.0	1653.0	34.0	8.0	0.0	0.31	0.03	1.15	0.07	1.09	276955.0	1.37	669.0	0.0	4.18	58.85	0.0	843622	11877315	0
20210610T1400_CBASS_US_MoteOff_Past_5_34_180_RNASeq_2kenkel	15955628.0	297.0	11072141.0	69.39	273.85	9429.0	0.0	9269.0	141.0	19.0	0.0	0.32	0.04	1.21	0.06	1.14	170385.0	1.07	1604.0	0.01	3.34	26.18	0.0	533076	4178422	0
20210610T1400_CBASS_US_MoteOff_Past_5_34_360_RNASeq_2kenkel	17576608.0	297.0	12873915.0	73.24	274.39	7068.0	0.0	6913.0	127.0	28.0	0.0	0.31	0.04	1.19	0.06	1.12	158582.0	0.9	1226.0	0.01	2.86	22.98	0.0	502812	4040073	0
20210610T1400_CBASS_US_MoteOff_Past_5_34_420_RNASeq_2kenkel	15332515.0	297.0	8430960.0	54.99	275.06	1820.0	0.0	1771.0	49.0	0.0	0.0	0.27	0.03	1.15	0.05	1.09	94371.0	0.62	439.0	0.0	2.22	42.18	0.0	340337	6466408	0
20210610T1400_CBASS_US_MoteOff_Past_5_34_750_RNASeq_2kenkel	15866740.0	296.0	11706450.0	73.78	273.04	3956.0	0.0	3829.0	85.0	42.0	0.0	0.29	0.03	1.15	0.06	1.12	182830.0	1.15	476.0	0.0	2.7	22.36	0.0	428486	3548498	0
20210610T1400_CBASS_US_MoteOff_Past_5_37_1140_RNASeq_2kenkel	14176714.0	280.0	7795834.0	54.99	250.75	16716.0	0.0	16490.0	190.0	36.0	0.0	0.48	0.04	1.28	0.07	1.15	501547.0	3.54	2391.0	0.02	5.78	35.67	0.0	819511	5057431	0
20210610T1400_CBASS_US_MoteOff_Past_5_37_360_RNASeq_2kenkel	19711225.0	297.0	12661900.0	64.24	272.72	21005.0	0.0	20750.0	202.0	53.0	0.0	0.34	0.03	1.2	0.06	1.1	163524.0	0.83	2891.0	0.01	4.91	30.0	0.0	968063	5914847	0
20210610T1400_CBASS_US_MoteOff_Past_5_37_420_RNASeq_2kenkel	18023695.0	289.0	10585605.0	58.73	265.41	12485.0	0.0	12310.0	175.0	0.0	0.0	0.33	0.03	1.2	0.06	1.1	391198.0	2.17	4271.0	0.02	4.22	34.85	0.0	760682	6281939	0
20210610T1400_CBASS_US_MoteOff_Past_5_37_750_RNASeq_2kenkel	17640128.0	295.0	11856591.0	67.21	272.01	15320.0	0.0	15074.0	220.0	26.0	0.0	0.33	0.04	1.2	0.06	1.12	210563.0	1.19	6663.0	0.04	3.89	27.67	0.0	686088	4880223	0
20210610T1400_CBASS_US_MoteOff_Past_5_39_1140_RNASeq_2kenkel	17648141.0	293.0	380612.0	2.16	190.81	1530.0	0.0	1529.0	1.0	0.0	0.0	0.68	0.05	1.23	0.07	1.11	84050.0	0.48	381.0	0.0	2.19	95.17	0.0	386514	16796584	0
20210610T1400_CBASS_US_MoteOff_Past_5_39_180_RNASeq_2kenkel	19113210.0	265.0	10599047.0	55.45	245.56	19981.0	0.0	19448.0	533.0	0.0	0.0	0.39	0.04	1.28	0.06	1.12	958871.0	5.02	6660.0	0.03	6.19	33.3	0.0	1183237	6365395	0
20210610T1400_CBASS_US_MoteOff_Past_5_39_360_RNASeq_2kenkel	19851032.0	266.0	7894154.0	39.77	229.86	39658.0	0.0	39438.0	4.0	216.0	0.0	0.48	0.04	1.27	0.08	1.13	1000756.0	5.04	5834.0	0.03	9.07	46.09	0.0	1800564	9149724	0
20210610T1400_CBASS_US_MoteOff_Past_5_39_420_RNASeq_2kenkel	17637258.0	296.0	8647808.0	49.03	261.98	57901.0	0.0	57352.0	469.0	80.0	0.0	0.55	0.05	1.28	0.08	1.16	221882.0	1.26	6338.0	0.04	7.58	42.09	0.0	1337027	7424203	0
20210610T1400_CBASS_US_MoteOff_Past_5_39_750_RNASeq_2kenkel	27370317.0	270.0	13176014.0	48.14	236.47	70105.0	0.0	69389.0	597.0	119.0	0.0	0.5	0.05	1.29	0.08	1.15	1274395.0	4.66	15725.0	0.06	7.86	39.29	0.0	2151153	10753030	0
20210610T1400_CBASS_US_MoteOff_Past_5_T0_0_RNASeq_2kenkel	46229407.0	297.0	36232081.0	78.37	275.1	11316.0	0.0	10944.0	267.0	105.0	0.0	0.25	0.04	1.13	0.05	1.09	349784.0	0.76	1043.0	0.0	2.18	18.69	0.0	1007636	8638863	0
20210610T1400_CBASS_US_MoteOff_Past_5_only_seq_RNASeq_2kenkel	20214155.0	296.0	15710892.0	77.72	275.12	3886.0	0.0	3758.0	85.0	43.0	0.0	0.24	0.03	1.11	0.06	1.08	201786.0	1.0	514.0	0.0	1.99	19.28	0.0	402394	3898569	0
